37.454012 95.071431 73.199394 59.865848 15.601864 15.599452 5.808361 86.617615 60.111501 70.807258 2.058449 96.990985 83.244264 21.233911 18.182497 18.340451 30.424224 52.475643 43.194502 29.122914 61.185289 13.949386 29.214465 36.636184 45.606998 78.517596 19.967378 51.423444 59.241457 4.645041 60.754485 17.052412 6.505159 94.888554 96.563203 80.839735 30.461377 9.767211 68.423303 44.015249 12.203823 49.517691 3.438852 90.932040 25.877998 66.252228 31.171108 52.006802 54.671028 18.485446 96.958463 77.513282 93.949894 89.482735 59.789998 92.187424 8.849250 19.598286 4.522729 32.533033 38.867729 27.134903 82.873751 35.675333 28.093451 54.269608 14.092422 80.219698 7.455064 98.688694 77.224477 19.871568 0.552212 81.546143 70.685734 72.900717 77.127035 7.404465 35.846573 11.586906 86.310343 62.329813 33.089802 6.355835 31.098232 32.518332 72.960618 63.755747 88.721274 47.221493 11.959425 71.324479 76.078505 56.127720 77.096718 49.379560 52.273283 42.754102 2.541913 10.789143
3.142919 63.641041 31.435598 50.857069 90.756647 24.929223 41.038292 75.555114 22.879817 7.697991 28.975145 16.122129 92.969765 80.812038 63.340376 87.146059 80.367208 18.657006 89.255900 53.934224 80.744016 89.609130 31.800347 11.005192 22.793516 42.710779 81.801477 86.073058 0.695213 51.074730 41.741100 22.210781 11.986537 33.761517 94.290970 32.320293 51.879062 70.301896 36.362960 97.178208 96.244729 25.178230 49.724851 30.087831 28.484049 3.688695 60.956433 50.267902 5.147875 27.864646 90.826589 23.956189 14.489487 48.945276 98.565045 24.205527 67.213555 76.161962 23.763754 72.821635 36.778313 63.230583 63.352971 53.577468 9.028977 83.530250 32.078006 18.651851 4.077514 59.089294 67.756436 1.658783 51.209306 22.649578 64.517279 17.436643 69.093774 38.673535 93.672999 13.752094 34.106635 11.347352 92.469362 87.733935 25.794163 65.998405 81.722220 55.520081 52.965058 24.185229 9.310277 89.721576 90.041806 63.310146 33.902979 34.920957 72.595568 89.711026 88.708642 77.987555
64.203165 8.413996 16.162871 89.855419 60.642906 0.919705 10.147154 66.350177 0.506158 16.080805 54.873379 69.189520 65.196126 22.426931 71.217922 23.724909 32.539970 74.649141 64.963290 84.922341 65.761289 56.830860 9.367477 36.771580 26.520237 24.398964 97.301055 39.309772 89.204656 63.113863 79.481130 50.263709 57.690388 49.251769 19.524299 72.245212 28.077236 2.431597 64.547230 17.711068 94.045858 95.392858 91.486439 37.015870 1.545662 92.831856 42.818415 96.665482 96.361998 85.300946 29.444889 38.509773 85.113667 31.692201 16.949275 55.680126 93.615477 69.602980 57.006117 9.717649 61.500723 99.005385 14.008402 51.832965 87.737307 74.076862 69.701574 70.248408 35.949115 29.359184 80.936116 81.011339 86.707232 91.324055 51.134240 50.151629 79.829518 64.996393 70.196688 79.579267 89.000534 33.799516 37.558295 9.398194 57.828014 3.594227 46.559802 54.264463 28.654125 59.083326 3.050025 3.734819 82.260056 36.019064 12.706051 52.224326 76.999355 21.582103 62.289048 8.534746
5.168172 53.135463 54.063512 63.742990 72.609133 97.585208 51.630035 32.295647 79.518619 27.083225 43.897142 7.845638 2.535074 96.264841 83.598012 69.597421 40.895294 17.329432 15.643704 25.024290 54.922666 71.459592 66.019738 27.993390 95.486528 73.789692 55.435405 61.172075 41.960006 24.773099 35.597268 75.784611 1.439349 11.607264 4.600264 4.072880 85.546058 70.365786 47.417383 9.783416 49.161588 47.347177 17.320187 43.385165 39.850473 61.585010 63.509365 4.530401 37.461261 62.585992 50.313626 85.648984 65.869363 16.293443 7.056875 64.241928 2.651131 58.577558 94.023024 57.547418 38.816993 64.328822 45.825289 54.561679 94.146481 38.610264 96.119056 90.535064 19.579113 6.936130 10.077800 1.822183 9.444296 68.300677 7.118865 31.897563 84.487531 2.327194 81.446848 28.185477 11.816483 69.673717 62.894285 87.747201 73.507104 80.348093 28.203457 17.743954 75.061475 80.683474 99.050514 41.261768 37.201809 77.641296 34.080354 93.075733 85.841275 42.899403 75.087107 75.454287
10.312387 90.255291 50.525237 82.645747 32.004960 89.552323 38.920168 1.083765 90.538198 9.128668 31.931364 95.006197 95.060715 57.343789 63.183721 44.844552 29.321077 32.866455 67.251846 75.237453 79.157904 78.961814 9.120610 49.442030 5.755876 54.952888 44.153050 88.770418 35.091501 11.706702 14.299168 76.151063 61.821806 10.112268 8.410681 70.096913 7.276301 82.186006 70.624223 8.134878 8.483771 98.663958 37.427080 37.064215 81.279957 94.724858 98.600106 75.337819 37.625959 8.350072 77.714692 55.840425 42.422201 90.635439 11.119748 49.262510 1.135364 46.866064 5.630328 11.881792 11.752625 64.921030 74.604488 58.336877 96.217255 37.487058 28.571209 86.859913 22.359584 96.322254 1.215447 96.987883 4.315991 89.114311 52.770111 99.296480 7.379656 55.385428 96.930254 52.309784 62.939864 69.574869 45.454106 62.755808 58.431431 90.115801 4.544638 28.096319 95.041148 89.026378 45.565675 62.013260 27.738118 18.812116 46.369840 35.335223 58.365611 7.773464 97.439481 98.621074
69.816171 53.609637 30.952762 81.379502 68.473117 16.261694 91.092718 82.253724 94.979991 72.571951 61.341520 41.824304 93.272848 86.606389 4.521867 2.636697 37.646337 81.055333 98.727613 15.041689 59.413072 38.089086 96.991440 84.211892 83.832870 46.869316 41.481950 27.340707 5.637550 86.472238 81.290101 99.971767 99.663684 55.543171 76.898742 94.476573 84.964739 24.734810 45.054414 12.915942 95.405103 60.617463 22.864281 67.170068 61.812824 35.816272 11.355759 67.157320 52.030770 77.231839 52.016350 85.218150 55.190684 56.093797 87.665360 40.348287 13.401523 2.878268 75.513726 62.030955 70.407977 21.296416 13.637148 1.454467 35.058756 58.991769 39.224405 43.747492 90.415869 34.825547 51.398949 78.365301 39.654278 62.208670 86.236371 94.952062 14.707348 92.658763 49.211629 25.824439 45.913576 98.003258 49.261809 32.875161 63.340085 24.014562 7.586333 12.887972 12.804584 15.190269 13.882717 64.087474 18.188008 34.566728 89.678841 47.396164 66.755774 17.231987 19.228902 4.086862
16.893506 27.859034 17.701048 8.870253 12.063587 46.077877 20.633372 36.426986 50.341727 69.039483 3.931214 79.941040 62.790039 8.175903 87.357862 92.087240 6.107796 27.687765 80.620128 74.825969 18.452102 20.934932 37.047210 48.452299 61.825477 36.891364 46.253472 74.747094 3.668320 25.243694 71.334959 89.520684 51.167744 53.211349 10.717201 44.741237 53.261727 24.247050 26.924323 37.728416 2.007120 32.207917 21.144801 32.749735 11.976213 89.052728 59.359245 67.910232 78.917124 49.844220 8.692029 53.710654 58.684112 74.543947 43.165955 12.758030 28.377591 36.308230 64.591724 57.077830 35.609673 98.651525 60.577482 23.722679 10.178247 15.285914 24.595773 16.068137 18.656702 28.509517 17.337360 89.676542 8.023375 52.451139 41.039683 98.237862 11.203890 39.785560 96.947043 86.550713 81.707207 25.790283 17.088759 66.864322 92.937599 55.676289 57.161269 27.997909 76.949293 18.704375 32.367924 42.543644 50.761038 24.240973 11.483682 61.062004 28.863055 58.123822 15.436272 48.114010
53.258943 5.182354 33.660428 13.441468 6.337497 98.996023 32.235384 80.987445 25.464065 68.150272 76.022786 59.563874 47.157619 41.184091 34.886827 92.952914 83.061941 96.502691 12.429722 73.086748 93.834046 18.123307 6.649627 74.112065 57.447311 84.182878 13.977238 79.526731 20.162732 16.365594 16.426580 81.457472 66.519722 52.306542 35.883048 87.720054 39.244511 81.659944 43.913491 37.694443 46.267979 30.137787 74.760938 50.272039 23.221270 89.957457 38.389122 54.355286 90.647211 62.423800 11.689804 93.983212 62.770805 33.490561 13.927207 79.402519 62.007276 53.346109 89.389258 78.859721 15.167488 31.172207 24.848914 74.394629 3.353243 56.988968 76.245869 87.676564 34.208175 82.125730 11.063174 84.645229 12.748866 39.728729 79.729537 14.991743 22.925140 72.225257 72.003654 64.114763 69.394844 54.272444 25.179906 34.569599 18.159772 90.845056 58.339179 40.085142 46.200580 94.728334 15.335140 58.622983 50.588868 61.145424 1.811018 87.212391 93.211828 56.513318 69.665082 92.249938
70.723863 15.253904 57.628836 60.671505 42.413067 73.644424 93.436701 92.556851 45.083937 11.323805 98.484120 83.889809 12.466268 92.084188 86.989636 51.883806 59.127544 39.900270 5.476164 33.519724 80.285345 0.463202 33.349917 39.816869 53.739560 91.985562 34.634599 34.695320 73.750125 45.221794 22.460482 45.243952 14.085702 17.638699 49.836777 41.892545 91.484590 36.239390 58.058835 63.226429 1.309446 66.353737 17.803597 96.107032 14.866273 41.462412 8.534967 99.687425 50.219501 59.538502 6.707648 74.996047 20.990559 89.805429 20.513964 19.068772 3.654967 47.206695 56.484113 6.570864 77.552762 45.328883 52.439027 44.076275 40.076306 55.964033 15.524025 18.192813 86.178562 94.611546 37.330932 27.074467 64.399954 40.873417 2.538636 15.615260 71.597223 65.892394 2.709599 22.197216 23.107480 67.189274 1.971054 10.410858 79.991609 17.854466 65.274611 23.818278 9.944139 24.317219 72.226693 85.569647 83.021986 39.718353 66.808514 20.498430 29.314773 89.633582 1.300192 8.550853
20.788626 2.653220 18.143544 58.304156 42.142455 89.267171 81.744356 34.181735 25.942343 37.969241 59.029494 26.806364 62.414891 40.941165 55.204718 43.612653 29.446576 94.845331 76.360579 14.011318 86.846798 48.743120 89.455223 79.985526 42.521350 2.246931 26.867736 54.163421 63.347822 25.788769 13.935607 83.493024 98.440218 52.569018 17.167929 27.230733 1.839068 91.429881 11.775108 57.651648 27.405522 55.417800 65.142039 82.974180 20.642127 1.099583 13.688563 90.001864 87.389008 59.741310 60.051686 66.503667 17.537128 91.441195 41.877052 38.313853 51.891771 4.696597 16.628337 73.803362 8.279867 60.315211 24.534911 38.929561 28.869374 35.567272 71.904591 29.712172 56.640464 47.605040 66.367117 93.682974 73.257210 21.494038 3.118314 26.226404 59.507793 5.142581 49.636625 59.684285 33.424389 77.091220 10.659825 7.513778 72.818876 49.549132 68.840240 43.482734 24.640203 81.910232 79.941588 69.469647 27.214514 59.023067 36.097390 9.158207 91.731358 13.681863 95.023735 44.600577
18.513293 54.190095 87.294584 73.222489 80.656115 65.878337 69.227656 84.919565 24.966801 48.942496 22.120944 98.766801 94.405934 3.942681 70.557517 92.524832 18.057535 56.794523 91.548830 3.394598 69.742027 29.734901 92.439620 97.105825 94.426649 47.421422 86.204265 84.454940 31.910047 82.891547 3.700763 59.626988 23.000884 12.056689 7.695320 69.628878 33.987496 72.476677 6.535634 31.529034 53.949129 79.072316 31.875250 62.589138 88.597775 61.586319 23.295947 2.440078 87.009887 2.126941 87.470167 52.893713 93.906770 79.878324 99.793411 35.071182 76.718829 40.193091 47.987562 62.750546 87.367711 98.408347 76.827341 41.776678 42.135700 73.758230 23.877715 11.047411 35.462216 28.723899 29.630812 23.360775 4.209319 1.787393 98.772239 42.777313 38.432665 67.964728 21.825389 94.996118 78.634501 8.941100 41.758078 87.911831 94.473202 46.740151 61.341139 16.703395 99.116863 23.167170 94.273177 64.964665 60.773679 51.268851 23.066981 17.652803 22.048621 18.643826 77.958447 35.012526
5.784268 96.910263 88.378588 92.775228 99.490782 17.389525 39.624202 75.823848 69.602062 15.389591 81.583312 22.444057 22.381761 53.697442 59.293993 58.008621 9.148684 87.746086 26.560004 12.951492 88.874808 95.565150 86.212762 80.951607 65.524198 55.085737 8.698676 40.845321 37.268852 25.975378 72.342011 49.587574 8.104622 22.018320 68.325876 7.613086 85.120691 49.514653 48.058658 59.240778 82.468097 34.780921 67.801615 56.573196 26.702827 87.862999 79.742602 65.845183 85.058173 86.729420 70.836298 83.701333 69.747146 68.014077 61.861138 75.271664 15.860511 88.087076 87.184353 2.924728 82.581675 12.886987 33.511885 74.350826 16.075990 81.796702 83.213418 50.746773 0.638587 28.703813 61.692692 98.118618 63.181353 25.980358 63.400570 53.998538 77.984540 10.698064 76.102790 54.126658 96.299200 34.187217 63.262189 93.202811 10.250973 93.722849 68.788572 6.783706 30.096357 70.817209 6.735060 58.217046 34.588306 62.091552 4.574203 87.153681 97.348897 96.887786 74.965183 13.008624
75.826320 2.458692 2.212355 32.361022 48.864319 77.040742 68.329538 44.590271 27.362667 99.712450 42.618130 45.138702 16.362382 79.480955 69.368223 22.076961 8.238105 68.049930 65.451121 27.325953 95.086356 15.105789 43.233480 94.361592 41.972732 63.852595 39.759440 27.421520 98.397765 40.933401 89.409920 22.995461 21.310470 3.113408 65.166683 36.852634 86.435825 47.320991 96.819343 18.552552 86.862317 77.659685 77.092184 84.478323 76.102399 62.622032 13.124488 3.252618 92.084785 61.665031 79.653729 48.152235 11.730819 12.518579 68.556529 43.030589 20.052473 49.159455 6.420894 58.197140 26.899340 79.755910 31.036196 45.522015 1.162054 7.244689 39.249356 47.993883 60.002055 29.166258 69.498189 86.012240 77.985099 3.961883 48.050695 10.493018 24.204502 98.666259 14.249554 49.888815 61.815573 70.246497 55.964868 0.977085 32.646131 51.771164 8.786650 35.062693 3.320311 7.857850 39.692328 13.271575 56.754085 68.946497 80.058670 20.015024 16.748258 10.456784 63.643025 70.647573
3.158614 93.621225 5.197128 54.129634 70.906052 87.096912 71.408693 80.172808 33.945019 81.482511 8.011485 89.481666 54.759238 81.729777 45.231828 64.357770 52.640266 73.158952 8.162998 6.035208 24.710323 15.954468 87.178357 21.921399 97.586526 33.689579 18.211792 78.969851 65.870778 49.819572 55.536355 71.920178 22.845474 99.633392 97.479316 65.032569 19.954245 68.022824 7.219841 3.065250 25.768289 46.262296 86.827251 72.716907 74.270652 42.549333 34.593499 37.103876 98.764956 4.010919 86.703150 57.867541 43.861542 72.525766 48.666894 87.342324 90.070186 42.172093 27.682780 59.235033 91.236335 21.066219 62.296658 63.156022 73.311302 13.156769 71.582496 90.903252 17.968311 23.754332 97.139509 18.097695 85.438509 49.227786 24.723107 87.074990 44.530526 51.481735 35.923337 59.295085 16.352387 39.108154 96.941232 25.813343 65.673666 32.519006 77.347313 13.087366 96.982105 45.378954 23.605046 7.349675 16.975791 51.977395 33.700318 82.888337 43.088752 24.871427 61.714499 70.677722
16.704191 16.761922 3.667143 73.640202 66.380453 47.463088 84.417045 80.567015 58.535436 86.827128 20.584121 11.191962 26.974961 5.708686 53.116953 93.660569 3.934354 12.210991 45.219903 93.387502 31.615610 50.723481 4.157286 14.834320 98.663012 96.511870 0.493998 95.181179 63.911994 86.791829 45.473986 51.559603 48.884658 66.686426 13.965125 2.997359 30.792994 70.468076 20.185345 67.343243 96.991205 9.390072 67.260212 44.375022 86.814225 17.714979 69.262595 83.811529 94.461422 68.324803 49.717476 61.784724 86.890498 57.060975 3.038706 93.094870 68.952675 67.651339 21.567515 65.888547 39.386441 65.123298 10.659303 65.784530 99.941373 4.821204 97.717418 40.690796 87.075345 78.238548 56.701626 73.844921 87.851556 40.414032 32.703316 66.759339 80.784594 76.228513 79.781365 43.558331 81.783422 12.020906 54.448910 0.575866 32.458583 36.646153 39.617269 69.546721 38.855810 44.869362 23.754413 37.325179 22.726963 7.319592 60.344859 66.821280 61.949035 46.349404 37.978578 86.333365
51.908179 47.918188 2.564207 34.124783 38.019562 39.882278 58.017237 53.360255 60.790509 76.488326 81.298574 71.812308 95.552370 1.823258 19.577799 0.756287 64.747471 89.803055 24.348230 92.703454 6.026739 93.443603 35.162269 10.142083 48.587176 25.677657 28.487290 30.728996 80.302590 53.916128 31.130770 61.033378 71.615067 27.262400 41.354910 12.188609 18.114935 68.111785 18.143835 52.516338 70.904626 10.687692 56.731222 25.656278 96.292688 48.354565 80.599255 55.022654 4.341253 63.315138 95.140334 60.161182 81.918886 88.420646 22.807977 21.204484 61.098099 41.102847 83.986130 90.002312 35.342138 23.687056 78.052552 27.480604 82.261432 42.373825 66.754990 9.553531 62.385932 45.176768 58.660846 16.801421 73.687374 86.279708 21.673980 9.571456 2.363859 64.197150 60.709404 54.669741 23.194710 39.090600 59.447634 49.676686 98.778552 13.643975 69.514455 40.431877 42.819961 71.759777 69.243615 99.125599 12.839429 10.410965 72.433882 57.838692 27.416067 7.941937 8.565825 89.419087
19.186732 32.337156 22.665640 35.499631 6.942384 51.905979 6.761256 80.035651 23.371208 54.001191 88.007909 65.087737 53.295779 32.433375 33.300191 66.948696 99.413936 66.183919 55.778342 73.065051 46.520561 6.014234 56.229682 95.762528 17.530294 69.000489 20.093369 53.582768 9.667645 45.037094 75.616333 34.757152 66.491172 79.544996 92.717782 23.464208 39.931592 15.241601 99.248350 92.700097 53.995713 84.203329 52.095798 62.358569 8.912443 75.527042 12.771348 82.606763 78.202809 70.874470 3.616038 30.312836 26.311257 36.013641 8.764275 93.695782 55.380224 30.552431 39.698152 44.720254 60.059433 51.567943 91.939197 49.696348 99.215801 85.142496 20.851051 93.059521 11.636640 81.744971 38.062329 87.797432 86.805669 80.592540 79.003044 30.467914 8.091928 40.298018 17.352451 69.495109 34.609973 97.561020 64.097208 82.248056 13.252467 86.201448 92.275719 48.706192 60.625294 76.480980 17.483863 50.256608 39.866303 14.637399 36.753442 6.817231 2.581191 13.516629 96.311511 54.952954
96.582216 43.249788 31.181613 50.614186 43.951169 10.566468 64.082631 21.603818 61.958795 65.020109 15.202485 6.134963 78.076159 45.980042 5.816380 99.486632 5.778056 69.503523 98.367893 23.918010 14.224937 12.138494 30.327515 10.104581 69.216134 6.229180 50.942213 99.669685 81.397027 61.521944 30.625362 62.389584 52.704146 42.608338 13.071038 88.660422 44.978465 19.462251 36.775935 41.412975 82.753790 73.361438 76.930489 1.103126 41.615400 48.134415 1.919228 25.981321 76.028982 13.710971 53.531013 21.520187 1.212077 24.120146 97.587375 80.153711 95.957664 48.785404 10.973620 54.795949 45.437733 84.435708 9.808258 48.824114 15.004866 32.467593 73.735708 47.601813 37.588829 39.447628 45.944677 78.501654 89.208469 95.533469 78.690339 31.540690 68.813471 43.760312 25.467062 84.087158 3.842635 90.176199 46.147746 63.720148 65.935392 89.511774 63.666968 61.393358 6.665204 51.840802 15.016900 73.743377 51.222192 68.022778 4.167290 8.479202 71.632339 7.208434 7.125673 1.210848
95.650140 73.750836 35.325141 29.653558 34.970323 77.465353 66.137061 18.519557 17.410934 9.839565 66.030272 76.437266 26.504643 2.094496 8.217167 96.786003 29.544478 76.922315 62.466357 38.193964 20.568726 12.138642 61.501297 77.463378 64.390425 53.030213 4.195122 96.848878 79.871419 29.282204 97.997033 60.188159 58.242266 74.807318 81.176979 65.647861 12.809575 33.826751 92.808364 22.461561 37.216702 43.207688 43.940499 61.293958 94.307584 24.069271 12.150138 19.747049 88.692490 64.581081 28.590679 81.594694 86.137000 84.651434 91.892653 25.224102 75.504193 46.053950 84.199855 72.849068 77.644745 65.616184 17.742877 54.502692 98.466974 93.738807 4.317374 16.481482 13.172877 72.597991 81.778533 21.351137 50.585269 84.070303 73.280154 54.223721 59.034769 50.836055 29.754845 56.502199 68.888530 87.332292 63.629135 76.112154 16.007163 46.155747 0.933162 24.667886 72.646172 99.180995 9.917810 40.149432 80.007097 20.403563 55.508495 73.307130 61.598545 18.802473 35.538457 78.379178
55.422651 0.522961 76.099076 3.531135 74.573378 20.248056 95.807348 36.794075 32.693162 14.888805 30.560422 87.665076 99.633434 36.830953 44.861063 72.207094 88.619578 59.304433 39.152570 41.262184 69.561815 0.321826 61.958934 35.549301 79.419733 9.299064 58.820227 48.097289 64.232553 6.485359 57.998379 56.148459 56.066009 60.348767 67.646794 80.498900 26.982072 82.504941 49.825568 7.705828 5.855093 33.423832 78.489698 70.768093 78.861496 51.726906 44.019900 14.745253 32.819275 43.401937 8.860043 22.061195 59.822529 73.566311 99.834751 93.311333 64.256520 42.124805 63.617736 78.565162 11.833619 40.990489 83.980229 38.383295 57.187227 58.776936 18.447625 36.223544 33.451129 2.619671 2.419176 83.169704 27.307081 51.807877 29.872557 94.067925 25.929676 42.965681 87.273025 84.193357 18.610142 80.264331 45.818689 48.296887 13.347997 8.060151 72.793931 49.646115 43.685070 72.950823 76.551290 15.890817 61.022515 13.535408 75.137509 65.695516 95.661462 6.895802 5.705472 28.218707
26.170568 24.697880 90.625458 24.954620 27.194973 75.939826 44.973984 77.671056 6.536616 48.757119 3.361360 6.265320 90.643745 13.924537 53.242068 41.109560 34.734333 89.983335 2.182340 66.378969 96.339443 56.016818 93.682246 5.225788 41.879332 26.015779 73.082096 98.129709 25.653006 65.417460 19.809763 56.533025 46.393249 97.200533 60.852727 34.950637 11.409578 15.124683 22.531693 25.096666 85.061606 56.122279 52.339091 11.476887 86.013969 72.281430 6.766836 70.783510 54.353822 8.172535 45.830064 48.469629 16.577454 94.569815 84.997537 66.902234 46.229556 41.176554 65.097347 54.543187 6.227311 51.250265 80.640362 45.923988 5.195658 78.627820 20.136378 25.862083 16.470635 33.021506 75.675151 51.938586 20.488127 87.783008 87.958185 87.057843 23.879621 45.123934 98.498966 77.201248 2.716742 6.520459 46.393138 90.922021 53.870180 49.781251 10.547370 65.678010 82.210316 38.042001 77.561185 96.447665 20.376646 52.332963 28.713796 79.285442 57.759337 63.458242 79.791416 39.597047
91.509007 53.302887 15.795482 69.589912 79.326135 31.676168 85.717926 90.614325 27.690449 98.352147 14.071153 20.201567 18.422484 89.398971 65.429255 15.210428 44.032342 61.529803 8.346408 88.241637 80.360354 50.520677 96.712662 41.776098 98.411032 66.792000 63.467127 16.595490 88.192776 42.748969 16.223341 1.260752 55.975568 52.739962 71.935362 89.025805 7.940658 73.149649 18.741194 85.817705 81.906351 54.079375 71.024280 31.435011 47.116790 82.163690 45.926520 35.779827 49.421245 82.824925 33.520805 17.376159 71.201402 82.597821 10.063748 23.987411 14.197199 34.794141 45.035098 74.882634 65.114758 62.092857 35.237495 84.144755 47.128717 97.910494 63.414214 12.626474 67.617756 32.510402 68.632720 6.964115 17.488144 85.573726 22.717956 83.704113 27.927609 64.288191 69.415057 51.265475 30.531068 21.264438 3.318935 30.394640 65.316279 93.830482 87.120448 76.606478 78.844734 66.498490 26.028686 90.719503 67.073231 56.044063 11.098947 44.705554 46.035827 86.456361 54.664822 38.040055
97.680033 11.072059 42.254843 4.202468 73.990412 91.807655 28.003733 85.834168 29.221823 91.077016 75.396190 80.490678 1.800656 96.281036 72.667099 30.475110 82.939466 28.152120 87.275384 11.258039 70.368598 54.069848 9.653447 24.189383 1.240404 46.876797 30.126526 59.835748 29.723781 29.991911 74.319320 4.814284 90.289500 85.226387 66.780468 59.322157 89.230250 18.533018 7.896916 23.951017 79.457828 3.467027 58.280684 99.543752 85.569609 52.144569 6.364091 83.137351 59.897851 11.493300 9.385728 90.962682 66.920026 82.928680 87.897890 57.177235 51.744635 43.042741 31.694659 43.459596 77.387966 60.192343 89.252329 44.338001 60.708958 63.130755 59.169716 70.263377 23.743347 51.236378 10.422480 38.451133 48.766707 65.222426 95.053105 60.065107 74.359392 50.626606 63.410403 7.093222 25.439158 36.185309 47.249336 4.564875 14.002410 27.681431 97.153269 33.134701 48.204106 19.609771 61.078007 28.068322 20.699258 51.657263 0.550580 0.766403 21.906881 3.672136 10.802575 33.886065
80.258568 57.204864 51.266773 29.348882 93.175372 39.701504 8.709277 61.706652 11.383839 34.522314 50.741194 87.422252 49.354658 70.225877 99.281684 13.148912 27.473153 39.457608 42.182818 41.102108 90.761100 71.403264 60.790521 30.937272 82.379038 95.506051 82.119828 0.156511 63.640137 5.113538 25.760722 5.952470 60.379545 68.658991 11.448764 38.383888 45.623651 36.905302 12.102500 41.894779 75.117805 7.100766 8.018001 35.477129 94.172571 66.857265 67.866996 36.191999 59.366079 1.013118 63.609605 91.328695 61.257347 87.369859 72.397306 12.055842 90.245331 6.644384 53.396747 14.213712 1.170661 42.203426 29.504071 48.600049 57.719989 4.373907 12.300330 55.864240 34.316735 72.917349 65.229165 84.560436 69.249283 42.993108 67.296662 27.538117 30.631350 78.898516 44.641952 79.838034 82.242237 85.756234 91.663524 43.098522 31.886682 58.219875 37.117242 60.107417 70.558586 68.840502 37.455289 16.686020 43.052934 14.259414 89.009704 34.587746 15.445975 2.544776 64.582239 63.690232
34.060417 7.171189 40.962889 31.121750 67.712064 60.577925 36.459373 21.789255 98.803597 45.400162 68.827424 14.055297 48.558970 2.753672 50.545512 96.401741 38.420671 3.899601 3.095579 38.798676 16.002494 2.335210 75.621361 45.852301 28.924477 90.008318 11.613896 95.591883 31.396672 88.840367 60.294288 82.670736 98.401316 28.840544 96.113549 38.948189 38.551190 34.038710 54.140761 15.414504 55.371149 54.170481 76.190181 83.364996 44.044135 30.233325 25.933490 19.462384 5.764758 34.244798 27.024769 96.641739 55.770883 34.727704 58.046760 13.919670 44.404375 62.623432 48.889783 40.177880 99.384839 88.031476 62.340596 56.937736 62.066048 20.131211 39.513774 3.945953 47.554604 54.302458 22.774974 96.402885 90.945461 72.214324 53.338663 86.996916 13.065234 79.050979 12.482081 79.421066 27.576757 87.709058 94.404209 14.879597 46.267561 98.098738 48.340744 86.354752 58.873152 37.532991 28.578356 20.322309 76.179819 38.654051 51.127546 49.232548 57.727903 86.557715 98.073934 40.758421
82.751892 76.452779 57.352895 95.604714 20.047452 10.926421 85.396197 43.914982 84.696885 89.309021 6.245759 88.346476 44.831906 51.043249 62.659251 92.638261 1.911609 47.684347 68.772204 72.270696 69.253243 13.443513 29.939559 35.871553 80.443721 27.875987 21.070496 95.744802 0.886329 99.782086 67.682130 82.846930 29.461940 1.431528 73.786952 83.414460 74.047613 14.285029 75.342792 76.892278 65.854052 76.611593 84.592144 61.360411 8.860471 48.762781 7.764933 40.754303 40.710649 6.600984 34.882053 11.099810 80.823521 94.768803 7.231648 95.511521 52.257660 29.956568 7.686208 50.062427 79.451554 70.708648 5.022601 7.290184 40.287328 29.529049 23.238432 28.100450 80.348274 92.922805 40.510269 90.611100 32.149570 47.643699 22.602900 64.047604 97.898112 60.349310 35.781408 64.781745 12.292068 88.865908 50.308395 44.934974 58.586479 62.478386 7.177581 68.261722 24.193168 71.395263 82.253479 80.395851 55.250097 52.016989 14.287596 77.534615 27.140938 49.669542 28.427409 13.382836
62.955770 5.433203 74.864523 31.758680 0.013469 51.112914 4.685191 27.616956 70.697649 6.268962 83.933849 0.381992 24.682387 74.090406 31.627015 10.189239 36.023392 27.039329 84.271190 31.334792 78.893247 89.187214 43.381742 90.994314 37.731805 96.407842 8.928952 68.701927 49.381404 38.764881 63.271188 70.385709 0.436327 16.695309 71.304605 66.638541 96.604751 76.103779 95.077271 70.254050 29.805221 10.536492 78.182386 64.414922 4.818601 36.005047 95.679982 50.040115 43.272914 45.769961 20.888272 36.870717 36.981326 5.235502 76.756763 41.650443 82.217989 85.034800 21.199405 65.735348 47.228180 88.015674 21.574068 67.781320 60.775212 29.530148 13.660090 65.163976 73.859746 31.562734 64.483260 39.513091 71.320688 19.921527 89.021500 28.740960 36.778599 5.809195 11.151221 51.586190 26.759268 83.548023 1.469339 37.909405 33.734555 1.932763 12.436840 41.364267 49.286458 40.428975 53.093768 59.513167 0.992382 46.409516 96.349924 51.903228 67.754227 31.186386 77.399138 77.292148
52.129605 97.601382 12.555021 1.694766 77.015821 80.715554 12.020723 26.558283 1.755236 29.330861 77.314187 51.796053 34.809559 37.173929 0.135363 29.980053 64.645874 97.419444 84.706083 2.359496 89.856060 78.319841 78.037612 45.799576 39.800529 30.291573 6.569486 22.823536 24.660363 48.407707 74.744441 47.380983 5.784445 95.778980 94.272432 78.518954 99.132790 54.448233 96.276835 7.560504 36.568075 22.538127 19.583308 14.080295 62.241364 78.132186 57.829840 14.696271 81.112377 63.595471 38.816571 67.413030 25.990498 34.519221 91.748584 29.050451 46.998827 89.014114 70.772135 6.220323 14.730304 0.784159 63.092179 44.767343 13.427485 95.793412 52.965972 24.189329 50.060357 67.962033 7.623922 27.470382 80.696549 45.966487 54.657714 43.281600 4.389994 16.574978 44.554164 20.918547 4.997903 84.364966 98.119253 79.314287 85.378492 24.197713 96.062698 19.692570 95.142981 99.481929 71.172281 98.114373 56.953978 25.954178 43.699589 59.356094 7.308156 62.234326 98.117784 19.010765
79.259512 90.789879 94.370159 96.013560 52.145964 97.730791 75.731021 16.167144 47.690011 71.833118 24.734032 64.061518 66.660048 16.269974 56.508531 77.162691 49.889566 1.210312 0.903847 35.702934 92.619407 22.867678 63.436369 22.207587 32.166999 84.804209 72.886144 9.539928 42.870202 2.916976 48.089015 66.243401 11.850262 28.888494 39.783663 91.953102 99.325502 4.491130 76.100792 37.172407 39.245819 75.426497 91.842643 95.092859 57.712259 35.712116 78.754909 25.100138 56.407403 35.857846 65.663107 24.039891 19.159295 91.823909 10.180368 50.595791 22.085278 3.892996 3.601882 17.522177 86.677035 28.247874 95.045917 58.162229 43.661419 58.008883 51.669839 75.877625 28.249607 35.305039 89.409430 94.645651 89.255823 41.944799 78.036550 47.633573 49.753985 20.468011 59.113030 18.613590 33.156470 85.503020 20.707581 7.115829 6.900759 94.078452 50.692044 40.941207 81.087858 83.582593 33.219103 69.361806 77.112282 65.465069 15.159507 87.588308 53.909455 28.247243 42.522819 3.757109
12.786680 76.554675 0.001163 41.656583 52.251018 5.463442 97.307816 22.612533 30.419872 30.394251 23.041666 0.147382 72.934479 96.684550 22.429348 66.304719 74.189633 84.842538 42.262920 30.293091 32.529513 71.262133 81.677947 18.161397 37.094101 90.194020 80.669352 98.485840 75.424826 39.319520 59.063783 66.101425 7.845582 54.449696 70.932083 16.732130 78.063172 58.377278 95.222179 4.242230 26.532614 60.155388 29.655991 71.442416 75.900528 10.251596 51.385446 50.889056 36.928077 93.292486 82.750632 69.720938 71.432664 46.171614 92.099452 69.459543 72.898106 86.169090 27.407159 80.707090 19.524060 34.534195 33.561045 97.852547 85.653722 70.116986 72.705676 56.207279 94.709067 49.625875 38.051771 16.303534 78.620565 73.444393 38.435504 2.519341 83.899733 1.141798 70.369978 97.025711 43.766133 23.497340 70.487101 81.712814 54.643032 96.703528 5.166872 50.479560 71.845395 86.264047 17.925561 80.000348 55.270708 39.655368 13.171503 86.529576 15.727321 30.978786 29.004553 87.141403
67.270299 79.668140 25.046790 62.487410 57.174598 83.283038 90.608706 1.215677 67.401992 5.183580 54.885867 28.763273 30.677660 35.295850 62.129245 33.404997 73.269905 40.452739 6.835320 78.375984 28.575832 43.276688 68.544388 33.245616 5.658566 37.392105 94.444858 64.173440 67.147915 63.228215 19.899214 41.833386 75.093980 10.137290 27.785278 27.631911 43.201893 98.036874 6.750255 51.870099 17.936468 97.067655 11.330350 40.360100 73.788498 70.455443 42.272864 34.652417 39.761238 26.427626 20.533294 48.303970 26.853376 28.746166 65.675606 96.853733 60.363720 7.697947 7.558361 95.142322 29.729079 9.206699 59.904459 62.364878 64.850482 26.740203 1.511068 96.501537 25.089305 67.602629 70.662987 61.000742 31.290739 27.109625 59.766828 86.609563 94.673373 10.590580 15.482861 94.473626 73.653523 88.299382 20.263263 58.758587 70.113959 68.011189 40.815169 1.539489 58.292606 25.310154 45.025425 95.758102 39.903532 83.980161 18.854061 67.246050 97.700695 10.189310 0.831994 43.358279
9.262548 74.838435 91.454866 43.402097 25.871164 43.440332 72.344782 0.905416 58.945399 61.329168 63.768825 24.202208 71.405272 9.139149 19.927034 87.747005 73.872315 1.374555 24.837626 21.440648 27.080633 24.755977 6.252630 45.894052 73.273347 60.673172 67.287167 8.114918 95.149071 83.849183 80.509032 82.298381 93.271051 54.425397 20.028202 61.678361 74.288149 73.791739 52.144902 6.845872 37.111294 92.076661 58.444891 53.833194 26.885351 36.844892 89.534609 66.646305 78.738703 45.434542 63.024722 24.838361 70.546083 42.760133 44.254551 64.932232 93.628062 6.400635 82.474324 29.238311 44.391945 2.191333 30.104608 50.263124 5.617608 49.109573 92.711063 10.539322 76.444073 40.967105 65.517371 26.023660 15.949226 16.046261 7.049195 18.564670 66.421938 88.169061 81.412569 68.513431 11.043186 28.918745 30.980688 24.995695 51.500566 53.555381 35.688598 35.378916 82.855560 78.929285 30.779583 91.378844 95.281502 32.674254 35.442495 50.563415 94.112081 87.631943 10.256796 39.273074
55.337119 50.313247 19.386307 85.881677 67.694078 83.790837 85.876428 74.835585 43.921060 61.054676 16.036541 67.364542 17.925326 69.394959 22.959816 11.755130 16.528449 0.199214 71.873962 73.240105 51.493335 16.136280 8.355434 1.912897 16.574818 89.085553 24.153684 35.427133 10.534548 22.236130 51.922457 60.775268 24.535231 5.773216 39.103287 23.420337 21.955392 95.986280 61.630049 55.687844 41.577510 42.894433 54.090500 69.642981 70.214610 17.169391 50.011275 41.195810 87.052697 63.141892 53.250407 11.539464 60.563789 11.720391 33.720658 14.284196 69.207365 20.625211 39.185937 89.567478 20.431638 50.780506 41.927166 1.812404 79.275811 6.904591 47.425502 56.067829 62.842646 68.863163 25.327238 0.997878 72.344366 53.565660 83.611770 82.138836 84.332617 48.509466 33.362840 79.155820 45.129411 18.344220 85.497402 88.255988 46.630976 7.569973 38.782609 80.353766 90.177403 20.347274 6.697361 87.735045 38.940494 54.176096 96.806581 6.656473 64.831801 7.410542 37.546893 80.381455
43.347223 99.718235 55.905928 32.116215 22.011133 35.052053 37.253327 6.871368 36.957420 46.423852 72.273775 65.672948 70.876566 0.836368 21.766740 66.168429 48.398937 0.531348 80.449464 77.280957 54.841916 6.646333 76.651505 58.371359 78.195998 75.174699 80.300207 51.800807 14.032452 67.115747 62.047379 74.225319 16.988101 19.497520 89.040952 74.997780 90.822849 75.871532 59.715531 65.413274 88.912792 57.880675 63.239132 15.647672 47.392122 71.639711 27.094270 20.225418 31.382681 24.150063 21.491264 42.485084 90.783851 50.705965 18.792038 7.697167 69.615615 38.279876 82.183095 65.951077 79.624145 27.194604 69.235892 26.406198 93.906848 63.637428 32.451180 26.951186 19.092659 69.464096 21.871561 59.530327 26.463503 66.196894 81.493973 77.802524 76.085133 18.772241 8.838495 69.894883 36.834721 43.234623 3.114909 25.957645 3.367640 87.918577 24.339668 55.733717 3.897932 66.684739 32.302735 89.791919 88.811819 32.529062 90.096090 99.615767 82.541566 84.487135 24.900874 57.670240
6.725591 9.491794 99.889261 32.663925 74.818391 80.666505 85.802327 99.762830 24.149649 4.035083 41.119152 13.008067 2.242589 36.042683 78.373825 56.618069 31.277799 65.434201 23.201818 1.438145 76.435339 62.374308 76.230262 3.893802 83.711963 61.952620 56.339535 62.461405 86.443325 58.693651 58.095038 99.067916 75.673017 44.229381 70.739700 38.923047 22.887546 59.685188 92.818210 92.913952 34.190528 52.767747 21.163590 99.563111 98.111791 64.950893 80.441406 71.510016 59.315822 5.334800 45.476434 67.478630 67.753161 37.312262 94.169199 16.735703 50.035945 69.088398 69.713581 64.863896 27.528821 15.620657 63.594033 59.930212 17.935601 70.513915 45.517199 66.776059 83.736708 16.972843 1.914487 77.910259 60.969743 69.963957 83.815497 80.281093 96.092015 53.593508 48.849563 40.188720 15.369104 57.260723 27.701252 92.130751 58.319080 59.284018 35.492466 5.198935 3.174377 42.333514 8.456538 60.684696 88.097301 88.291482 65.904541 21.123183 86.299683 88.609344 19.665358 73.742609
28.651955 80.264031 99.723790 3.002601 89.736587 62.263053 97.338262 46.500952 84.738793 6.239407 33.527905 6.701654 97.534313 81.697391 85.254742 93.796523 8.510349 38.559759 7.103489 21.079310 22.936578 46.910721 26.856217 10.097811 16.749109 14.727556 97.307680 75.929251 96.776147 43.974049 27.836848 79.829320 32.625392 29.938337 23.250599 12.967898 25.646306 35.531975 67.399421 6.256484 21.050694 80.902364 14.692192 34.264515 86.465892 15.492531 8.273684 48.453800 30.241951 56.340836 80.380489 13.714849 58.069908 50.550876 14.407879 62.399849 27.364042 48.783432 8.227232 45.958406 30.646347 82.238121 5.697873 41.860727 45.843142 72.500608 57.428758 66.721234 77.704929 86.220297 31.387550 53.802271 84.010808 98.945113 88.951931 37.146726 19.516652 48.939254 74.164145 49.256907 48.318086 83.823042 36.140378 85.979467 40.680480 32.823311 45.398991 76.244696 12.600203 19.641922 95.144483 17.549163 56.772732 57.931447 48.962446 64.474525 22.982673 55.266227 37.217326 66.166726
14.122354 57.087742 18.527036 27.864306 21.870980 18.283778 82.571095 28.570757 92.712378 96.992653 57.126047 14.300112 37.454824 79.773226 36.739073 8.701722 55.678491 84.512085 79.592639 17.512314 67.276461 22.050426 21.820753 87.407177 24.966895 26.324735 0.065339 87.066903 79.259481 62.732894 75.026576 15.204857 45.832359 35.121939 9.377653 48.613049 92.073965 4.005912 29.146091 20.754094 23.814665 90.843455 46.806905 46.629941 76.057564 15.449220 48.726535 42.998521 59.691069 99.955770 76.944889 39.786570 82.755305 17.070836 3.046369 20.444837 34.041156 51.058076 61.512914 91.060572 50.985401 50.127564 5.024301 3.491155 55.115996 43.817861 83.918039 16.067958 2.497166 44.903877 23.747856 4.961437 72.459829 11.159300 60.831950 28.104975 17.349605 37.975152 80.144578 39.209358 75.076965 12.548630 77.277142 23.693332 67.739313 56.578155 92.914472 38.732252 6.616519 1.915549 82.685856 52.473564 77.524405 23.442560 34.508375 3.010387 96.149232 66.786791 93.320509 26.549641
61.146361 67.849997 31.754970 84.810924 94.716146 88.485512 73.906698 27.746468 28.161604 96.336032 1.028450 71.604997 70.624616 62.268954 99.010885 31.187944 33.997186 7.893940 44.279814 26.104853 34.338670 83.457179 93.548451 18.573307 37.250893 92.863056 6.180846 9.236053 16.279099 59.521283 15.047227 96.807638 44.671453 50.151796 24.665862 47.096025 66.191363 75.117714 75.386808 57.789111 90.435977 81.740785 75.704811 5.560552 0.687796 21.244728 66.352359 41.119749 40.240626 88.458689 89.556285 90.917526 31.387808 69.105581 27.163318 19.060983 18.463246 34.210762 42.995762 83.094917 11.989109 73.492585 53.145491 28.794534 49.281958 29.994207 59.608196 43.384392 16.440553 11.658307 54.669568 90.241303 34.395769 73.300011 65.866135 93.155491 82.098102 56.660526 65.703050 89.838647 39.951878 32.679471 1.081108 82.655107 80.098070 10.445452 57.685738 46.398170 11.870910 98.056823 21.469589 6.723418 59.484738 73.886668 3.244345 65.871764 53.229188 10.326501 17.252388 56.797430
29.635761 93.831573 81.874023 98.356721 25.967084 96.972363 43.123387 34.751880 5.034953 5.276526 69.201126 45.792899 22.652163 61.397031 25.285812 57.763175 35.920875 82.355223 82.069616 47.735040 35.081911 36.255980 80.571453 32.817948 20.905937 8.468834 46.669312 48.213210 84.090871 22.123870 38.099127 80.840574 82.362361 38.461108 45.912402 30.328589 93.255488 11.864377 93.374942 68.386645 53.157215 3.265906 47.559619 40.774811 16.121881 65.640960 97.115091 56.218881 71.475328 6.845045 41.766700 11.635849 61.279584 93.848216 66.177773 7.680305 35.466620 55.066338 40.320776 83.364401 81.467100 61.183102 37.345795 25.533637 10.587432 35.489768 41.317252 67.582293 65.815982 7.010814 39.525932 18.177887 15.681271 82.730215 4.191522 41.918288 16.820366 87.933022 55.704051 23.138064 50.242729 73.148636 95.811801 22.044600 88.618177 93.430411 91.642054 63.541436 62.982065 40.321063 75.239788 53.129402 67.743807 42.845790 73.149646 82.447152 14.643626 83.292972 54.029653 84.466591
43.130171 37.904049 91.506073 25.116927 84.421233 48.402057 51.409544 30.846828 57.304220 32.521120 3.926941 27.199861 0.637904 97.835479 96.574721 39.515530 72.837085 34.580610 67.109316 80.543004 94.675624 40.021228 78.329798 26.592845 99.033230 2.576960 60.352881 65.950598 68.804556 12.038758 93.852978 18.118328 62.275340 22.267608 30.721642 54.645854 41.719342 16.022560 17.093640 41.814479 75.728298 89.796465 8.412766 39.310391 10.024556 1.659248 66.171868 60.244944 16.301911 23.381283 2.370775 83.494721 97.469060 13.545954 23.147521 86.840952 92.646380 41.962738 5.062247 3.939183 57.394987 39.289511 2.865243 58.325239 1.130254 78.737196 30.643282 4.025800 58.835222 39.768441 97.380041 54.419866 27.523918 70.943886 27.149200 90.424329 37.472197 54.986856 5.057310 42.612124 83.236354 80.564881 22.431856 22.607907 81.730531 93.039842 9.536092 45.005864 33.745428 87.068846 8.352491 21.112594 75.246834 5.129385 49.253538 44.210703 33.440118 39.457232 52.994059 16.136736
57.199588 80.543233 76.016093 15.389990 14.924947 26.817437 36.107473 40.845558 67.969722 5.668043 3.467270 39.191056 69.716369 19.343534 64.150448 25.982814 88.608611 89.568994 29.728720 22.999375 41.130397 24.053159 67.238384 82.606468 67.309213 82.435045 39.699216 15.631697 73.795095 36.047451 67.127083 27.064394 8.122963 99.258180 15.620151 98.842099 97.727993 79.381810 65.942296 57.780705 86.610155 28.943952 46.768121 61.938997 41.119048 42.748645 33.028467 56.423182 85.057453 20.152838 93.443304 68.908765 82.327321 55.619069 77.951670 1.620040 81.838042 4.013886 88.991338 99.196275 29.406746 21.031856 76.536336 25.302634 86.556238 10.284259 12.595520 97.915156 67.383890 84.688722 32.432938 67.648375 59.424183 60.315012 68.253246 57.535917 42.906237 27.592269 76.858133 22.627243 69.235431 23.333282 62.533017 74.707827 21.871389 5.994330 13.097374 60.599697 84.944641 4.499682 73.415126 34.131865 47.852837 92.885955 33.197150 46.533693 1.368241 8.159872 25.859159 2.785224
63.137533 42.639836 54.814520 17.464719 29.593203 66.382447 96.530272 5.041677 89.038432 57.688120 56.391957 50.027854 6.939409 8.987685 60.091201 34.095857 91.726807 40.659054 14.328146 71.471883 29.335342 52.547031 69.783279 90.026411 79.219119 67.636107 67.963318 94.592464 29.582410 0.111209 27.195456 21.789138 66.183459 63.371160 59.346138 1.624344 72.877805 32.353041 66.505599 55.657843 34.273093 13.457627 9.441890 83.151833 91.839754 64.978805 10.343411 40.202722 72.893920 77.982088 11.821862 0.003072 71.213705 35.659618 25.448133 1.289747 54.029941 85.115074 95.763165 56.574495 51.446133 8.505639 54.887280 37.997908 60.713528 38.872635 24.029912 9.496528 31.491844 9.664483 17.689695 98.733616 44.410356 53.187177 87.361853 99.556890 58.271445 81.247382 32.694102 30.574396 40.270372 67.250726 68.219169 31.523943 13.320992 63.239626 12.832586 57.849251 69.342213 70.061150 75.347211 87.285942 49.995899 73.024919 61.917274 18.663994 2.568964 28.454139 44.303371 61.710594
84.995933 19.624572 12.554979 96.347995 10.804456 47.849107 58.556373 54.137442 8.603216 5.702691 10.548343 58.558768 54.434489 23.374079 63.777414 82.006750 4.157896 49.812994 68.931041 25.231193 30.777091 61.363790 89.793529 80.992442 58.313022 73.022172 36.482247 64.096553 46.618159 18.993614 70.173827 55.646464 35.862158 91.133919 2.093412 31.577315 5.688140 76.652732 70.210745 33.135222 67.566290 39.593723 75.625379 45.418366 41.227973 93.472992 25.087910 12.044734 58.454311 96.932181 37.783921 6.203676 33.930527 50.593165 16.192301 65.810222 99.774939 45.173948 35.472856 40.070417 11.514618 88.327360 41.482566 38.727441 65.969027 44.203342 64.823347 6.144629 81.372334 94.050395 64.876539 95.456593 15.143231 47.741619 60.180673 58.173665 40.146178 33.808441 12.682402 39.174245 16.266082 73.436568 20.883094 5.856531 55.236614 59.522973 87.191306 57.698161 34.548085 80.301188 54.027889 7.928028 56.585056 90.801855 39.631263 29.632580 14.346946 15.144552 43.277148 59.567982
8.061541 93.956859 75.513362 58.662392 82.843867 8.018676 47.683888 63.009313 82.865291 78.346956 27.706925 94.088017 12.434584 87.513362 97.094025 17.715352 72.206606 4.028552 40.542283 51.628330 58.064523 93.593725 67.225069 48.127795 80.967504 95.053282 2.206615 98.252127 8.613214 81.438678 28.033475 13.217966 43.985564 64.395658 38.095185 5.456541 59.946114 90.240328 38.321537 21.633278 44.257735 4.836271 82.048758 82.634081 58.800046 35.310289 79.978336 55.468702 82.593231 63.145879 78.440547 59.856299 41.414107 95.794586 54.111382 60.508952 22.048764 62.565079 57.160765 18.483840 5.958710 60.435932 76.369227 52.340137 22.677263 66.652198 8.010573 44.183370 16.336676 18.445905 20.229395 38.670706 5.115021 39.779344 51.170745 48.329428 38.278410 83.914661 14.532669 50.569674 6.204142 7.115568 57.386585 56.601842 87.803351 55.787368 95.979102 4.869485 9.800768 4.406586 18.527685 54.127011 64.557218 4.558516 94.597089 84.216538 29.661248 7.718753 16.988707 12.694441
12.328378 51.856169 24.584744 35.813972 98.950533 68.431425 94.898067 14.255656 38.213947 55.473180 7.675806 0.418744 67.043433 64.181952 41.078881 48.964408 41.544300 2.400504 33.537161 17.708226 9.842419 95.672043 59.935973 72.865628 31.536374 39.314713 23.692399 9.696567 17.903164 79.751405 67.754581 54.692888 47.508987 92.243428 7.273495 28.060081 34.993785 78.242581 99.251462 24.067051 87.430733 83.062276 22.465740 39.933258 40.967287 97.822067 18.089190 79.915797 33.419271 73.087035 42.001100 57.835976 83.261177 80.416556 86.642318 5.961733 69.205055 13.998738 41.581857 54.858842 40.273948 51.961168 99.652631 13.521731 67.545605 39.600097 13.300980 15.873676 94.927311 87.960150 90.704196 99.153278 20.831539 35.543934 66.921903 48.380254 41.838953 35.781125 59.378063 57.559343 16.145783 47.173984 55.347178 57.028694 21.010719 74.227139 2.519909 35.483186 78.021265 56.389292 26.116243 69.495312 56.739094 79.624361 73.502519 61.010792 48.817768 13.318213 26.133302 41.909947
59.929929 51.370786 28.818453 0.646436 49.623922 28.562599 73.460830 2.394627 58.482781 94.147424 17.440927 47.164949 9.142199 62.568191 55.053168 40.736552 52.137702 89.657466 19.629430 2.256451 86.166488 57.711708 89.065846 59.694522 81.016109 42.967336 74.985993 91.304147 57.212296 18.078515 26.879762 19.864458 24.685703 30.641545 55.513379 58.799163 42.649975 61.542078 8.157493 8.778824 17.182946 51.807750 21.399468 28.328440 40.031284 81.186612 1.386214 64.937882 66.887653 79.865578 93.275294 2.013785 15.378371 88.617129 45.851856 56.459064 66.302720 67.906660 93.174040 99.694942 72.015746 28.722121 87.975240 4.922091 23.108085 89.738572 25.619151 22.065106 13.812529 85.911176 50.005826 67.489320 23.906638 75.804042 76.000554 31.259802 41.068263 20.969028 97.656102 64.560258 93.454388 30.338554 78.189091 76.585864 69.165565 96.563898 39.355534 13.071732 67.170886 72.930980 57.506057 20.681789 50.445594 31.218974 42.746653 64.521858 74.521474 23.222469 40.532536 26.916157
19.863161 78.338722 90.925269 37.023219 75.127892 89.699529 84.612421 18.281339 95.629188 37.667644 33.924066 6.243133 48.617365 10.901362 24.853982 31.694262 80.882632 87.548865 30.246632 85.869812 85.723094 76.465095 14.669511 69.032285 94.502406 68.254048 33.161685 50.057932 64.572504 51.057041 11.995294 31.206404 80.239603 86.141805 13.730003 95.238675 32.882262 66.231374 75.182515 81.194623 94.574970 31.291955 85.850645 13.168690 70.504091 74.197773 67.772324 25.231474 87.304315 16.885846 5.363479 71.746499 47.547572 84.909802 38.339714 16.827859 83.644219 54.890963 18.919579 72.038400 51.111364 60.431298 46.089834 82.870898 82.956272 70.938882 10.540138 83.885386 67.101298 69.702417 36.298284 87.927956 72.537160 11.259047 40.777803 88.638036 4.719670 96.141662 67.916257 63.137598 27.055926 24.879179 94.205822 29.827245 77.550530 39.312180 13.925407 1.071530 54.425734 97.577882 36.913619 35.719233 34.409162 52.054384 44.066488 87.991463 50.552079 50.775784 13.837159 98.273954
24.997289 7.336407 66.314625 59.536637 41.514565 42.219223 78.506392 19.571264 82.025332 64.874711 41.896977 45.802862 25.664721 75.211433 51.287474 32.085454 59.605012 99.573445 43.526228 92.069140 34.501684 5.473271 20.424211 41.869514 21.963493 0.022704 91.500154 84.387941 74.229223 16.781460 12.036358 6.760475 72.402919 92.880796 43.053582 11.914067 51.239282 34.883191 37.482492 62.133062 71.871811 11.060360 3.559023 99.433030 23.272835 5.383052 18.987533 3.895785 39.181089 80.240178 34.124445 44.418341 67.558677 50.889407 86.144569 86.603568 0.991070 77.804631 46.073360 98.884054 48.323208 98.689595 75.456936 24.860488 53.839498 99.213564 85.753061 9.736689 70.637200 34.557959 0.698226 40.348097 23.475442 81.886927 33.733061 82.752369 0.059794 30.781915 24.116521 23.356736 6.818662 18.712427 55.554957 29.136107 41.739478 37.686688 87.590492 90.529900 49.295697 33.015595 10.680070 95.340288 6.022694 29.765028 29.806620 32.040129 16.428684 78.316143 12.249786 63.490666
12.384603 7.053564 90.942950 19.012877 82.125015 54.463087 7.785652 95.544819 24.696117 85.964535 16.881001 85.394288 1.322881 51.178046 76.944258 93.479552 90.920214 81.962487 88.819135 19.921969 28.418430 28.896852 37.705393 39.332067 54.455532 15.987976 69.124666 16.756654 31.030848 50.334513 79.644056 73.946923 64.553436 15.577326 54.704535 8.744650 37.736318 41.351653 3.981144 27.398810 95.564947 95.363261 35.232705 4.310011 17.909494 39.221779 94.777970 14.119906 76.351584 10.868254 98.125758 38.161650 77.523454 34.259108 62.766888 19.201608 14.602102 93.806414 91.764728 88.746894 62.543345 80.826821 6.903694 33.478904 31.370312 63.564532 35.595777 14.850678 59.646708 81.438392 38.212349 13.226872 19.668820 23.748331 29.989759 64.279507 60.094548 69.607986 36.250198 82.399765 20.408766 46.904075 80.093872 18.015865 10.986311 88.368397 34.292966 68.387012 2.534860 69.004689 31.610131 5.574085 60.981276 24.080382 38.680724 8.058081 14.716325 29.797724 8.975950 91.082626
0.604704 48.386022 12.324746 30.767909 92.605956 16.169455 96.583232 20.579438 74.156611 54.667726 88.447873 55.399326 53.455922 19.545800 16.622936 91.648915 32.783820 37.208225 75.982366 33.882348 95.206245 73.792777 59.742924 88.089516 4.960591 25.706269 46.503633 22.697854 74.390519 91.920803 42.377012 34.213260 96.155073 44.485243 48.904840 35.164987 90.954847 56.895548 76.217459 81.180672 34.184904 43.369433 84.847177 36.325535 79.393513 94.099232 62.321037 74.162729 80.509731 84.503965 39.505334 5.126346 40.187627 67.375623 45.035039 74.896315 35.698243 63.474414 18.641980 74.936944 54.569597 20.406439 29.191117 74.860871 48.260124 21.603144 96.727119 71.512502 95.713483 42.710505 47.510034 89.795522 52.504934 70.727891 25.217288 44.672647 12.344987 20.598004 0.094342 3.926505 97.728382 24.235370 66.331071 83.909970 55.066046 15.314450 72.811644 60.025141 73.125059 76.974662 97.541037 57.356328 34.164111 64.846456 6.844071 89.739732 11.938101 32.784284 81.574538 59.731238
39.363552 47.343566 85.454739 34.000439 86.964968 8.813443 77.679844 84.754763 18.181765 43.034653 16.549977 70.660413 53.534777 63.532335 19.648697 21.174586 4.149733 32.206754 55.974466 85.793491 66.692745 43.539632 95.312011 71.924520 93.016520 52.758797 25.890427 5.282669 72.608485 12.130300 30.277513 53.247091 56.441659 60.058320 16.625533 37.973740 61.719423 96.981886 72.763114 92.260376 76.221206 59.171697 19.202337 66.668565 62.337957 60.246917 48.978587 52.865660 33.444253 51.931269 19.755591 80.517440 18.577695 8.496629 43.624603 65.830744 43.771682 27.675413 55.817118 34.700234 93.286769 92.264514 50.237182 32.788399 73.713241 3.671294 47.476901 33.632339 92.053589 1.200303 55.281488 74.066358 48.501799 8.540303 97.246139 51.801043 61.418624 23.660978 48.349809 42.914949 7.489584 10.616035 83.747252 23.981995 19.495827 50.491145 76.874713 6.194652 57.680792 11.921044 3.646105 5.274395 83.416411 11.797248 4.515136 43.789989 84.399347 26.240838 42.171262 3.992253
44.907851 57.761308 57.090705 33.242669 31.553318 10.662362 36.679832 9.949467 76.659594 96.627430 97.007446 86.507110 60.079215 70.086570 28.520580 63.077042 45.564955 48.201734 75.777656 28.191836 31.803961 92.464179 5.622429 48.563430 91.280080 61.036301 54.640707 24.974418 34.327549 85.204842 55.921813 51.474219 9.957971 1.602816 96.368519 37.698617 60.321306 7.971507 68.311429 93.256671 57.566525 12.611532 58.172153 76.634721 40.641654 87.983775 64.868295 89.924892 62.350531 13.128797 30.969171 20.179495 90.882650 76.040007 67.639837 30.096632 18.404477 75.645109 47.415795 22.578955 61.662198 4.033385 32.617025 46.855699 14.795833 98.465448 20.909736 13.035313 20.353487 76.906113 42.550566 56.541594 2.100916 3.443131 44.582555 81.665524 88.523888 8.670657 53.836310 91.322969 38.797275 82.956583 13.369565 93.539449 75.142332 94.133439 67.661723 36.340393 93.818117 27.556678 33.217252 70.080842 76.531630 92.940348 20.480241 79.799804 73.854605 6.379456 38.722314 28.276546
30.449042 98.294688 64.277741 71.767616 97.661764 37.720178 80.184017 43.453096 86.953367 18.065754 94.768618 21.877171 32.622051 75.619223 39.375514 60.821138 44.457350 74.236994 22.833125 5.845799 29.992940 47.430866 16.802005 35.479729 39.998302 5.739184 58.330725 88.434343 15.174291 59.780801 66.473920 41.933468 70.109759 41.073154 50.463729 0.735304 69.172011 66.134268 3.840088 36.825011 97.903184 42.073656 50.194541 90.993016 71.726188 58.207013 79.780468 86.436627 45.688807 47.510836 38.605094 96.670614 69.716625 8.322307 86.295962 48.055994 6.875391 54.971726 41.716428 87.774940 20.399460 82.646461 55.768869 5.461030 97.184530 51.261524 29.087685 46.940684 85.785778 30.490312 19.267640 12.907125 29.785940 78.004809 47.162637 22.748160 16.618500 33.272948 93.992437 34.302671 98.812408 48.523046 17.916392 89.114009 46.035537 70.967134 98.371158 5.017535 9.669456 72.045674 28.182500 18.430140 3.936188 2.184671 77.448560 13.443343 46.772062 60.589682 42.835180 2.710665
78.350150 1.051322 76.188989 89.330449 43.283992 53.554247 47.698339 38.920862 88.742454 89.393351 33.581636 61.506975 92.690756 96.205850 50.895904 45.282481 27.869432 95.887187 14.281430 57.982958 28.255027 27.900829 40.496859 99.879294 5.496631 57.854182 8.257216 15.452083 43.956294 51.046013 25.879241 31.645713 8.696702 30.321978 96.655844 94.470738 33.487829 57.085394 90.959539 0.618382 81.068357 94.836955 9.132573 16.144769 96.074630 53.754014 1.419663 25.763200 44.994367 69.290891 73.316038 99.542151 28.751120 53.822010 53.332355 40.564526 16.916189 97.745656 85.331719 49.833303 60.324542 22.726105 54.378707 69.497013 51.516703 99.028517 61.134166 37.097371 77.215203 17.046251 38.451581 34.695895 43.180710 78.177983 48.417303 79.401445 57.648890 34.206943 80.997874 23.828967 22.438298 50.450292 26.084925 0.908703 64.829753 51.109382 44.551781 96.696851 57.119918 86.343158 13.945024 56.920646 86.797963 58.310576 71.801418 37.204357 9.244952 45.790030 39.447939 86.706018
24.399530 96.673423 95.813812 24.763164 34.805196 89.555574 96.662222 44.343910 32.099705 52.609401 68.776921 27.347452 73.647317 5.165736 4.929449 38.628771 35.347319 31.563322 49.101976 32.073358 19.225792 30.946955 97.490427 41.111342 44.471278 57.654499 98.334077 24.160128 68.128211 71.598469 60.732442 8.857834 67.687228 6.409471 59.614265 73.958118 21.096989 84.162201 3.035381 84.381286 46.032905 21.758794 13.377814 95.330717 7.266559 19.909342 34.782235 62.023485 54.480109 12.564349 28.972798 23.875177 21.354285 41.114434 70.403145 21.745293 36.667888 39.091743 97.645653 95.466636 80.013758 24.165892 6.803731 31.690414 26.679455 50.592580 77.772791 85.832294 84.486409 35.967556 68.723434 31.283420 6.090554 70.156527 0.982755 40.918259 32.937927 69.337754 76.624547 30.409464 81.162701 29.391676 44.632636 72.701853 69.292023 98.736847 22.516102 66.231791 60.968191 91.509845 15.636214 75.179816 56.826862 27.466587 47.443491 33.377660 57.931340 88.900061 56.930498 63.172242
51.874785 5.116551 23.285856 49.200173 31.023528 18.176360 50.413284 32.280979 25.810764 46.398542 13.328426 92.774573 86.770210 70.762059 10.621383 77.587725 80.795733 76.776462 11.396589 64.390796 83.432480 57.735340 64.640738 45.836348 52.870732 3.437686 63.896302 8.144721 43.501459 29.265510 54.542795 13.341634 69.164340 79.501154 16.335445 10.431309 14.551548 87.712756 52.818926 46.726100 10.671182 64.955601 86.799959 82.818587 62.605471 7.527872 11.239703 4.930899 25.747922 13.566147 26.004804 38.505806 94.298278 61.037606 83.497379 71.035150 11.250313 73.592041 27.509888 63.910785 34.096197 99.767226 26.355148 27.913047 93.067226 2.464440 69.668899 72.532639 83.637858 97.443931 97.560192 6.527676 82.183932 64.630993 64.734213 12.834993 65.018717 98.248258 91.181857 43.913066 3.994797 36.229349 82.639031 70.149910 45.934366 5.510154 42.689473 46.902494 92.855553 64.108610 31.165292 52.531826 6.605531 97.256824 36.005990 47.786735 35.528397 68.251173 66.223216 71.532231
26.814323 31.566848 12.525123 65.550997 3.979713 59.768234 86.969588 89.083215 44.903776 45.930369 7.696918 67.076503 82.125942 24.465505 42.130088 83.883934 87.712047 24.317998 55.057063 19.249315 10.187876 91.112050 82.050750 76.003490 4.876632 84.372879 43.804408 34.239512 54.647636 9.135324 75.664655 58.243508 18.659010 18.823220 18.424865 5.700239 58.779845 84.034818 1.749821 4.900464 57.277028 81.949569 32.673889 34.961440 59.634650 27.421289 2.660837 73.522852 62.564991 58.075600 74.168413 67.523084 20.588199 35.248105 12.611014 12.985701 67.619575 85.860011 96.273258 62.834712 18.410132 10.565035 81.285097 57.875648 61.828502 78.146209 70.327723 83.445825 5.621391 74.752064 85.085276 28.613504 64.044727 31.416206 95.797107 3.342357 57.979284 16.650355 71.222021 17.589028 23.538326 49.437081 91.483495 21.171437 14.424002 75.897683 50.061953 91.178511 14.661456 64.592789 23.287915 15.676043 68.342942 59.368462 75.482746 30.946258 44.797166 40.547168 98.408946 29.224896
29.481724 35.454821 56.459408 25.232274 91.528994 26.568556 89.581573 10.347506 65.656270 90.698552 16.874944 96.832696 45.288336 94.571511 67.682004 30.158687 18.830252 30.373505 9.301741 14.386797 10.466044 42.294354 79.557838 14.138355 13.032043 64.342895 19.718298 9.761004 16.684858 92.373140 82.147125 35.406456 65.582077 53.727567 67.712426 68.267115 62.873402 26.610137 3.900642 45.556678 89.097388 56.949726 83.239104 99.162434 16.361620 69.177764 67.429357 97.995545 98.560073 68.667861 24.361479 79.855584 10.702913 78.069930 91.019612 38.283339 63.063529 43.014273 43.776505 31.037089 76.212962 93.617656 94.075086 17.478128 87.474365 73.743144 25.283740 6.728461 26.799727 91.220824 63.317867 72.105466 25.715235 71.938816 2.812151 37.532135 62.675335 14.609657 82.300357 23.503130 65.228111 40.519714 59.604360 10.745055 1.691280 90.956443 26.963001 81.967700 99.935030 21.143126 26.517074 66.285979 96.544863 91.581435 50.287552 79.511028 13.574585 97.743818 96.435323 16.372896
29.942312 10.015500 27.171760 81.595579 37.831561 8.839697 34.222552 98.138333 62.968360 41.616095 16.653851 98.617680 82.084901 28.147730 7.006870 5.662556 12.037815 58.076858 92.876342 49.674343 84.294548 44.588662 70.858355 73.187274 17.396371 36.121606 63.730216 7.069661 36.154019 53.479947 99.622449 47.453356 81.605676 43.206729 79.639072 59.541480 88.659544 41.094255 60.430442 63.001868 41.738294 14.431204 9.355941 1.667155 87.353426 23.647491 21.150675 73.603540 32.001611 50.604469 16.251107 95.974572 85.158140 86.378962 40.677375 76.236121 14.387616 0.861900 1.997293 58.660174 45.539491 51.801535 0.746314 42.268662 71.806816 44.269370 73.221921 23.301896 81.314200 58.843124 21.076310 23.672048 62.803046 82.993959 41.562778 25.830043 86.701161 66.926829 44.808549 48.790020 20.425647 62.680263 35.874251 99.564518 48.018352 48.588561 56.585179 91.675600 80.081810 45.113007 71.869927 58.623550 49.236705 19.231577 46.393626 24.581859 91.484215 33.540681 95.226401 53.305529
63.154438 54.294044 12.938062 37.582122 9.914611 62.295404 44.687420 77.798497 22.047048 16.456606 40.633223 92.658538 71.042182 41.892362 51.727217 8.421301 98.457590 66.640730 28.540407 58.580839 10.948237 96.583667 17.478499 64.803032 24.545446 71.756138 77.682137 67.341973 61.449946 89.246909 7.862671 33.091477 24.828748 98.801396 38.938978 73.261270 68.472516 21.208124 23.899768 28.128456 41.112728 23.432507 1.965148 87.939306 96.560983 34.157039 33.850688 0.709181 68.025069 82.543990 14.660830 15.966635 79.008325 61.629075 4.486056 62.254699 30.891772 36.872516 76.973142 81.093519 40.035663 94.715294 40.646272 77.183604 48.387726 89.753233 90.776124 8.741681 93.649333 82.553484 79.131071 20.091134 80.511921 85.013273 28.915033 95.226008 4.986015 14.990925 53.758114 57.579247 64.515008 1.696913 96.036677 4.458809 14.306195 1.401452 56.685843 93.226688 66.594717 82.265747 1.328120 54.201530 45.956298 49.896794 7.221319 68.443536 50.322041 76.514885 48.529063 14.938164
64.825695 17.238636 87.239456 61.311624 15.720388 96.233806 51.836546 7.289845 62.683290 25.319891 80.369345 81.782207 97.894736 50.186953 45.495688 75.347561 13.247066 54.691551 54.624760 8.947312 41.798409 85.328480 85.615362 9.923766 9.072088 26.269548 87.476606 12.890259 71.999680 10.116562 62.313785 35.606730 78.891396 23.369045 63.920183 23.568253 71.366028 87.367803 12.680180 86.659569 59.357525 12.711049 42.754186 16.086029 70.034789 75.886813 10.579652 50.613985 81.462506 93.616304 51.351787 95.027922 53.568897 39.419049 84.820313 49.298271 47.190251 49.031249 84.678500 83.194154 40.351999 33.329986 49.192802 57.277251 23.833721 79.395508 48.648277 33.404555 10.682099 23.884516 94.928117 30.509969 16.885929 46.067279 30.708774 3.515925 32.314522 54.410862 55.171237 35.655892 44.730276 96.551792 37.734848 25.822681 24.346704 45.776461 75.952015 20.598818 70.929613 2.114982 41.893298 77.586507 33.873296 56.373710 20.497923 74.199539 5.227910 85.254264 19.819639 87.439803
35.252924 72.268357 31.922530 90.591167 12.663713 17.851979 49.303013 8.193844 19.598018 94.376638 97.648966 37.625933 92.328602 54.482468 26.974247 70.239872 65.890181 98.912532 26.504729 67.205950 5.202376 11.364604 0.391837 99.946068 80.227370 78.672301 50.972608 30.006708 15.126428 28.467474 37.597122 75.631010 53.966179 7.748363 1.802901 10.233218 41.049871 93.319292 63.740248 80.182590 46.637459 36.166608 10.840037 87.593302 78.316003 16.811810 51.226056 48.737481 62.509155 94.618689 57.977144 54.021727 5.032293 6.290748 18.734679 3.247077 74.335290 72.333030 13.605623 83.607890 15.478603 30.117559 24.897690 37.230710 25.466377 48.895093 40.740788 98.656949 5.592635 14.218138 5.282589 62.584119 5.450928 83.643974 51.193863 52.700762 56.159451 17.081371 19.769030 31.881732 59.349642 21.011778 11.633173 97.011689 2.198181 80.269741 78.803515 29.721411 13.562662 14.562865 69.743162 64.280659 78.274567 93.748117 69.192736 15.585154 24.344262 84.219373 20.930608 7.252232
70.328005 40.252636 92.004005 65.025507 9.041898 94.785657 25.855726 33.721249 40.226041 5.122430 49.651542 12.331849 40.097033 35.070979 77.284008 80.317051 15.341288 36.655119 37.335316 15.141044 79.845351 70.722833 19.038179 36.672191 10.580502 62.820660 12.137192 98.593417 78.068207 39.023855 57.856393 91.134182 55.409928 17.449849 37.870336 84.314487 64.421302 65.072438 86.682149 89.397306 91.979257 9.484919 54.412600 74.050952 75.692685 60.671620 16.678734 79.742055 72.011133 8.613577 46.380982 17.397740 33.747705 1.808109 40.032987 54.987692 61.958259 66.349035 83.629131 21.546291 12.048182 85.153717 15.661281 97.476008 84.253823 50.087661 98.142142 9.737673 30.306576 63.822442 35.000687 92.837255 6.562609 54.941183 59.086627 65.272812 25.566622 36.456643 84.368053 19.494277 82.686785 56.265542 76.218751 71.360737 20.751150 56.881274 86.772315 43.211624 96.659077 45.221510 14.278564 38.943468 95.170241 31.972085 86.809816 88.125068 35.018652 8.325766 72.455791 31.151230
78.292361 44.265485 48.526674 77.790941 38.236333 44.312735 37.619047 36.734052 52.594658 80.879944 36.176831 52.425472 67.072733 26.943945 27.752280 93.341313 72.353457 57.718668 64.772005 2.929944 61.810297 50.950887 54.574968 35.942383 8.147390 19.333923 95.074471 40.869956 46.668316 5.270979 3.756623 71.718145 53.809466 50.870598 24.312453 74.475073 16.823658 18.993474 46.071217 28.627986 24.746298 64.523764 65.097175 82.451707 41.770857 7.308509 27.366638 98.000546 59.625858 70.973708 0.735783 51.820573 3.752866 56.923021 92.077085 96.841913 54.055268 45.820481 94.501709 67.360983 6.489928 46.572558 24.024502 46.980432 45.546557 58.214480 35.677049 16.427045 50.371943 83.020288 66.401223 33.836787 93.552302 91.220757 20.934840 3.941759 74.130871 82.761026 96.786457 88.983639 60.053477 53.005234 2.784105 24.665645 45.961475 62.850390 55.725183 74.263599 27.976693 56.495261 8.814224 41.366552 75.016083 69.340085 99.064274 27.789113 49.818930 32.953041 44.060311 85.695013
68.420908 88.244119 20.351111 87.336112 5.976227 88.859928 32.907378 31.458763 51.208858 94.069019 4.778136 35.223098 85.657199 39.605448 19.915690 42.479418 38.555250 91.541620 76.193438 50.511556 98.837057 46.527753 5.823783 26.227432 43.607048 15.690262 94.756513 76.684890 26.828720 59.080453 72.144916 94.127893 88.163535 51.519223 77.465262 56.214475 55.270389 11.474196 12.613766 52.953362 26.886154 2.103690 72.283920 3.248660 59.527684 53.919379 96.881469 48.421314 6.360144 55.168797 84.109617 99.684928 43.034317 32.029874 90.665330 19.124213 61.542892 40.571442 4.108236 34.728847 26.522852 68.609115 94.879050 26.804719 81.146594 5.535982 53.812101 7.055006 93.403299 76.635128 65.794991 82.389638 64.751980 96.894440 71.395795 92.465861 51.713189 11.706441 52.817772 12.687283 59.249348 48.249306 62.257540 1.004698 19.484049 49.133043 95.050356 38.360904 42.437203 71.469609 60.379276 29.892615 41.081640 21.769980 96.602146 13.063438 37.183678 2.583897 22.177949 78.047114
20.117523 8.006340 47.445318 0.996923 8.476615 80.762587 77.147334 91.513882 85.451544 68.317556 5.233286 78.284862 84.551081 79.908215 50.847904 23.290184 84.532998 72.716281 98.076117 15.569260 22.566458 21.179815 79.253977 18.690730 6.665983 99.856081 2.481721 83.524406 36.536684 84.161546 55.462049 90.163123 92.619299 0.909818 7.541218 25.035873 66.931542 88.827220 45.994195 60.697312 18.849985 80.496683 96.732811 26.859893 49.482595 8.611611 55.913666 50.278344 14.443648 44.206621 33.410465 52.183088 58.565434 0.849558 76.100598 71.301429 36.628639 5.293594 75.493254 95.517516 24.015160 32.352461 18.381289 57.693612 15.484139 35.619394 69.701301 56.011598 38.646256 42.024960 56.211088 0.586473 7.850987 88.125807 7.787899 70.680360 92.003816 27.068360 37.049144 56.892141 88.170897 94.190559 73.956325 8.661976 66.915416 41.030372 47.070100 4.914839 19.106214 79.051361 45.395883 30.166224 38.401907 85.439951 74.899902 27.231540 11.750184 25.199822 92.075645 58.158884
53.348021 59.639360 36.602827 80.710702 52.328625 11.674790 12.906512 53.685915 93.657022 30.835212 86.954117 76.409559 24.781244 3.634075 10.184727 72.849393 19.966974 37.127092 50.169917 72.546817 11.323122 40.636641 48.507291 54.082706 81.836064 17.167820 80.783145 69.287843 55.587081 69.952787 41.201774 13.839759 66.576524 52.467231 63.937480 33.799878 90.686658 58.736987 8.540248 44.980399 75.635605 79.413456 49.459705 89.474757 26.766844 41.059870 89.859691 89.625672 68.571277 85.898055 8.877327 86.499498 32.061991 17.833151 23.936984 41.796851 25.119200 32.056759 13.497849 29.617677 57.228381 44.185371 34.671876 74.645213 89.350997 75.678922 33.200070 74.444217 15.198018 13.031799 34.562704 80.770237 24.634825 6.325341 13.170954 85.874497 63.378328 25.320116 55.529583 52.757962 65.543598 23.318755 86.440299 30.936856 69.413165 1.612465 37.265713 35.170982 54.348443 7.273626 79.013137 21.778080 67.703781 80.321212 56.187696 74.088321 66.186031 35.552980 80.885854 29.470137
57.121292 74.539774 37.895591 30.276761 45.934601 81.796349 92.992176 54.508341 66.146621 90.327362 9.854685 23.207858 70.890001 82.374446 85.702903 41.510718 8.933990 43.778148 23.073459 29.119645 77.226756 7.552709 82.758122 42.766909 59.606393 8.965223 33.735908 8.970092 96.154372 80.726165 45.963275 22.360255 93.345511 34.459660 16.098443 56.316439 94.377412 0.383029 23.812484 93.844764 17.108597 11.324345 57.018722 86.184382 47.710982 99.456426 67.917170 7.407491 99.283213 40.789424 28.740253 55.787918 30.430759 8.645751 0.142834 44.958335 83.686342 57.231519 99.920730 28.684665 28.045506 15.974946 16.406359 28.518660 79.284005 90.575679 97.508717 23.228965 88.129755 32.825509 11.284054 87.002493 63.610563 16.473090 42.983126 28.725769 73.679457 45.341623 98.927995 5.474498 35.501527 48.190017 50.313355 31.593582 72.924025 87.474707 93.871930 80.509338 85.058020 55.054530 82.588823 30.350391 39.847876 31.691301 46.738734 28.557962 96.161144 31.284463 9.804454 52.681717
5.709908 11.054317 21.938939 46.435025 43.325093 79.969186 73.947465 42.631829 33.370421 31.646878 77.399509 5.207241 1.282165 79.554439 47.714638 13.088114 23.556593 93.250395 85.950298 70.978505 48.222523 52.032363 97.524454 96.577044 21.526905 81.110457 19.724267 21.353748 67.609303 40.500110 93.154441 8.900973 51.152564 91.852153 90.411366 15.652921 36.663770 61.912140 15.939488 96.802217 91.474933 16.695018 12.115546 8.540848 90.944366 19.362381 41.628493 44.885137 59.901104 7.173534 22.675862 93.149039 90.841011 78.129065 1.940125 32.700677 62.795874 27.519021 90.958670 63.388946 7.190672 90.900559 95.776666 7.771242 53.236023 30.336428 39.283908 17.965122 57.807210 95.797935 50.307260 8.291458 62.000133 34.022299 85.592519 43.467815 19.283961 19.110562 76.876418 26.558760 76.723339 20.588731 32.168637 46.548697 94.319585 93.173142 20.687188 35.821904 14.939939 50.998508 46.058255 90.076016 93.000538 38.356739 49.173794 89.623625 80.670781 0.365631 32.005956 42.177424
22.971628 19.957162 3.778451 64.336973 26.251029 5.234718 23.097931 80.191395 85.148918 48.306625 41.607067 97.785369 20.056466 21.535928 29.186718 17.275732 37.936560 91.083423 61.534784 41.194655 93.441079 4.846423 21.027618 56.588861 61.555262 3.955751 40.303876 64.915396 69.807055 63.813990 32.056322 9.352012 42.711245 12.875444 94.762366 47.517087 31.725917 76.630407 49.794859 31.003402 81.196774 86.715215 67.300817 4.696442 56.632288 76.329491 13.650301 22.867075 88.249511 2.012172 75.272714 47.377329 44.677216 0.709653 81.939823 35.982490 54.076563 67.730069 70.262958 95.598006 53.133995 39.971955 95.370363 64.211024 29.815036 12.646425 84.255450 36.218160 66.046972 47.081642 19.892978 60.168661 6.068307 41.334246 54.661494 43.604697 74.867218 82.792495 77.124307 3.881295 19.412877 53.660751 93.482204 83.495678 84.253451 30.320819 42.944790 47.070595 15.737158 3.106813 94.690290 24.071259 23.994890 8.337905 92.850775 57.973711 66.703686 91.157689 34.562017 62.150731
3.879945 18.677253 83.124581 76.676836 35.064269 37.681063 53.355443 0.024100 24.124434 20.823181 25.048295 80.590584 27.967386 19.152132 50.426346 86.564504 24.134970 7.853624 35.640474 74.765182 55.069054 81.679337 95.959215 79.266248 60.380308 49.334159 4.006909 98.432198 38.348112 15.222821 66.670886 28.428829 58.577827 58.676791 44.572982 83.611862 26.496706 44.863259 53.769213 66.362472 78.397185 39.480728 64.604694 15.061095 93.264810 38.305881 72.952142 2.034108 20.518714 48.708254 87.825247 52.725515 92.987048 48.379690 49.044910 11.974679 80.265624 24.696541 89.961249 91.082422 94.331011 52.023049 67.709378 77.851588 13.101462 60.095719 3.429790 49.756608 15.484268 18.292293 36.504757 43.243717 62.317242 7.442842 50.369176 18.262513 57.397518 63.740461 55.670926 73.829551 33.560924 76.510659 43.276708 48.418450 64.810213 1.835838 65.399422 61.858515 30.984712 8.579428 9.093545 92.322375 68.927932 12.710261 35.672317 59.248299 83.557171 4.366093 23.663313 88.974899
0.916555 20.139910 95.902418 61.340185 26.167137 6.699109 2.819134 24.474508 88.148582 41.591365 72.033337 91.828504 40.804046 19.127737 51.711793 90.808369 80.437441 6.582984 69.257280 57.189752 90.746318 12.248142 53.403611 87.946269 41.002379 48.199492 7.046068 27.814364 32.450665 94.512245 28.266736 46.086874 67.130442 16.218337 48.644239 73.853904 86.685521 62.625927 66.905352 12.628347 94.577650 13.257408 77.467294 26.481632 93.359314 71.995954 75.381371 21.905917 44.303998 61.781319 76.997362 10.395938 96.236532 89.022067 27.034859 82.276024 51.832392 46.180648 31.443411 58.096859 72.988912 41.093290 62.921919 69.931292 71.112182 5.196610 85.974781 45.825331 26.241608 24.176451 48.301411 88.683154 37.834758 74.972575 9.681873 47.605670 99.168614 77.043780 21.052849 50.144147 23.362476 40.956093 78.008402 77.122482 22.810038 92.222332 59.256818 37.992429 50.193558 60.507125 55.989053 48.640504 50.493280 17.641191 81.273290 54.176032 13.107986 76.615710 93.244398 94.730690
36.901773 13.551687 51.839963 11.260923 93.398742 18.357963 25.276586 40.663653 38.316447 79.466289 45.631682 17.076826 26.720990 50.911339 14.745392 61.165568 56.574731 71.470232 93.770462 91.225456 94.607562 24.471560 13.156531 30.227670 89.508517 97.205347 85.932495 11.001772 94.742800 42.335803 0.931029 44.239374 4.606917 54.387792 33.855403 47.343493 61.317036 86.880110 66.190158 43.404887 81.942785 90.558214 11.975997 53.193298 28.451196 4.706120 66.854670 86.277078 16.290265 81.241366 85.339573 91.434044 26.528509 90.395307 32.066275 55.233801 5.050747 4.388109 72.037321 44.447998 25.629238 19.041350 66.995349 0.040154 80.589117 7.924961 19.148961 38.623640 48.485874 35.499512 32.071216 96.391601 64.157968 2.343296 43.017591 87.500870 30.145619 9.455634 75.838477 60.601383 57.031251 5.357656 14.049901 62.254940 20.782384 50.407008 54.488169 28.350719 94.842516 84.246411 72.237351 7.799387 10.613002 49.278135 16.071335 97.826546 15.852023 48.746784 36.412106 63.938642
12.903641 43.031643 27.470503 88.775152 4.058571 91.372749 83.299414 29.757072 78.929065 3.121356 96.686555 52.659494 30.328103 36.258321 6.640535 98.934951 3.929195 65.490712 44.273593 94.891622 24.599974 53.208682 48.235621 70.286644 6.801023 19.378913 21.456482 73.815075 18.913870 57.349176 21.524382 86.162495 94.218545 51.849297 35.230888 23.405778 4.978100 26.850008 65.423578 53.361693 94.404128 39.627726 69.386334 48.932275 51.257622 26.777431 45.495078 47.078500 70.664252 94.064000 32.932128 4.220047 49.629513 54.446133 16.844055 76.046461 98.492911 94.577472 19.710604 87.536324 70.449364 45.384656 54.061099 84.960017 48.013494 37.320737 49.324749 57.912980 18.907765 90.090773 67.418695 63.326892 9.949623 60.417394 12.096066 7.869768 52.731090 40.278553 58.881027 8.922217 43.098306 17.478672 98.710009 56.115021 68.743686 32.541828 9.473891 97.587086 28.625904 42.380819 64.986392 2.469730 81.025913 53.657819 27.821719 6.160799 16.249842 89.503386 68.602422 24.990172
6.560076 69.061531 57.240773 40.451952 36.361145 21.681428 66.961126 97.066803 17.571525 59.711662 42.418506 44.668872 25.414728 82.513488 48.525560 54.340585 30.476091 18.180847 8.591039 71.411914 19.623428 69.007535 39.037645 41.577480 46.917750 36.770851 10.061998 30.963181 66.373436 66.578440 28.622431 46.010263 19.344723 21.037208 2.304709 89.674655 21.070667 22.753388 27.960143 12.740807 63.926288 7.514295 13.420243 64.475673 33.966062 70.794783 55.742474 25.602117 65.082795 11.627368 53.641038 43.714811 26.787358 60.400500 87.133359 99.890470 60.776277 40.470587 22.520710 25.709609 47.945498 36.727770 91.381452 36.829547 37.344459 38.353451 83.662021 65.078832 61.416885 33.414302 81.790418 3.836386 87.079717 51.274990 39.825023 49.716728 66.741553 1.276543 87.155186 44.673953 34.296652 13.824557 43.946537 49.632277 40.364669 67.866009 42.089653 96.141758 59.927752 80.747794 10.935590 39.729129 33.684770 56.948239 86.111352 7.833822 7.257480 85.031771 21.285009 66.875325
54.287813 83.289359 12.508891 12.978297 55.681836 94.637865 41.499776 32.694210 60.668932 93.044860 83.692783 99.548361 2.256858 11.285814 60.946776 82.057644 28.524434 23.921109 78.697580 5.638185 36.938265 50.580922 56.034867 72.861516 35.484572 61.268434 58.537542 54.761610 64.048329 25.944917 8.464875 11.927167 22.458238 50.019794 84.044275 70.129334 78.904060 35.097562 40.465374 39.368189 19.187318 6.121666 59.091609 98.921668 16.682970 4.668482 77.953168 25.258601 82.964381 70.393667 94.567354 40.892724 66.196984 46.485478 63.058870 44.959891 18.863225 50.789742 52.858420 81.060385 73.552071 66.379162 11.338710 72.061629 50.030516 89.409954 91.987093 5.515659 82.064156 3.769739 36.716963 54.229998 14.810080 74.631381 0.835470 16.859905 58.079683 71.438756 91.664310 70.549665 67.177927 39.434115 0.128443 12.015926 53.455454 67.512989 41.744828 73.067901 52.186230 7.417620 19.201625 83.999822 72.491275 89.476199 11.755725 99.022253 20.940671 1.177988 99.742294 28.107389
66.801945 17.668231 58.022853 90.403499 32.018117 67.025398 18.790359 62.479540 33.645035 21.120826 31.318205 17.884107 90.191611 39.718689 24.527930 44.840784 32.053617 74.441925 97.121991 43.803366 86.103340 56.586307 15.723567 69.062274 51.343450 65.060652 88.968741 44.043457 90.117762 75.066901 48.860493 60.322214 32.558113 98.359730 66.735116 4.384685 32.662191 62.331443 5.633328 2.388419 45.002424 33.269018 43.829861 26.269331 16.471775 68.914336 51.457112 20.015421 31.958943 59.180791 7.222935 14.745301 7.324560 81.231733 75.240923 75.331293 71.632534 66.938542 47.699192 64.227816 3.836155 62.146442 77.787771 50.035836 35.751333 27.742673 64.280205 69.280120 87.096760 34.233408 76.977231 56.135582 88.283649 52.781211 51.762983 57.787708 74.931536 96.469048 7.356335 5.343460 93.755034 52.987563 61.490301 48.242360 9.365745 76.808938 74.722465 31.170332 30.623925 83.784138 7.235726 88.110515 25.666169 59.298475 93.599418 67.812250 41.442981 68.953421 34.397964 27.725842
99.668328 75.079023 64.471998 35.528964 4.916083 3.105688 55.418126 76.203272 53.737919 84.078507 3.342653 36.675208 23.707039 44.727297 7.237639 95.413164 22.325540 92.230778 42.589316 98.552413 55.405838 93.083286 0.534899 74.823881 90.305065 13.972057 9.612585 42.457261 93.367891 54.238656 52.745646 14.112612 0.078951 81.014009 8.757456 63.384982 91.461645 20.865191 66.527284 7.869858 60.375514 16.393172 73.595356 30.123129 46.339101 59.943054 17.127341 74.163782 30.264034 66.237186 15.828305 68.811766 12.818807 42.535650 24.720607 74.837525 26.203500 88.171731 89.182021 19.644132 61.384595 8.771764 39.153710 71.332173 65.942325 62.470067 28.254086 37.802495 10.294614 71.902282 50.388880 70.876563 24.894352 32.443823 33.421534 2.574241 34.104787 80.330457 89.729850 51.821832 45.550170 3.082462 87.920434 1.301021 94.475008 48.921625 34.193449 92.421843 2.439099 58.142489 54.893252 21.932040 42.888743 65.226401 72.713120 0.071686 93.685343 16.452537 23.358043 26.347345
3.782014 12.305212 98.634992 31.521674 11.530109 10.699126 71.945997 85.456866 25.695230 2.090951 22.309002 5.651569 10.339494 43.150812 22.991837 51.594588 25.349375 94.053730 90.594397 56.680611 35.442399 38.114688 41.185228 72.757932 45.163900 85.672995 94.409479 33.594615 56.069448 9.505654 20.046905 41.346577 20.620272 87.656049 15.828626 45.566082 60.569924 69.186391 38.306937 86.909907 56.831915 43.950778 6.724063 46.468947 82.073584 61.454102 83.216245 49.401167 11.846171 1.363985 30.321955 69.799047 79.025990 29.575283 49.565392 42.111890 41.052278 23.134871 13.637111 19.668856 5.533239 19.813074 0.920090 62.725840 31.637541 97.314471 19.371705 34.582857 35.784116 0.845150 83.920795 3.199446 94.017983 89.207435 53.552192 54.359557 65.377792 38.705001 64.722228 4.476839 5.404763 45.723042 54.962230 88.781764 10.466063 82.264793 21.004734 39.408365 31.660243 40.015527 15.049550 50.357007 80.164259 44.153401 49.061358 84.876759 70.605811 49.045441 25.769565 88.492675
57.702040 22.114761 26.911975 80.313309 4.414556 99.209219 13.035168 79.606853 39.477532 49.221618 88.065058 41.291119 53.749375 4.929966 0.234747 24.479987 68.058309 12.126489 11.376196 41.096061 64.783704 71.207199 17.845067 7.958815 94.039703 26.066638 85.334650 86.349145 77.252259 16.883361 82.180146 76.925056 59.672299 33.720204 26.250860 12.188921 50.975707 58.526088 35.933899 47.535907 36.351446 64.100606 90.125921 16.392026 38.140881 14.086860 62.494377 72.887051 93.191273 27.887193 95.021121 6.326267 60.301386 5.713272 89.377419 52.980906 66.934835 83.157393 15.031062 3.859156 87.888115 31.493323 12.897891 46.846124 59.830608 3.097060 27.489566 3.279987 42.033539 89.510003 98.265241 63.704755 16.163769 90.584939 51.624782 15.374931 92.172667 75.746905 73.170527 70.918070 20.033982 21.100669 68.829300 21.972275 43.867170 78.200183 78.395252 45.326177 79.218994 83.862180 65.477575 22.842585 27.401178 31.484116 11.680411 27.315962 20.951922 45.532875 90.843755 10.448032
72.026792 68.728300 9.575420 92.257240 56.847220 36.372552 75.653858 25.736546 69.350984 3.971121 83.940804 44.817085 63.669291 22.123782 67.707371 77.224028 47.321319 61.772692 45.632592 89.409137 49.786918 84.180871 80.135206 41.050482 23.008449 40.608213 82.621738 22.763254 52.443635 80.609675 35.347748 64.220964 24.563157 10.927945 79.438423 9.896862 27.138140 85.510942 34.646929 97.304535 97.973433 26.827602 4.097822 70.506328 45.098650 10.075284 70.752282 3.117491 87.019669 13.865253 12.731188 17.567230 96.026636 69.316936 80.137154 39.763499 33.631273 23.448401 48.064803 55.182873 63.177484 25.711850 94.865408 16.975850 96.565317 1.485612 48.112569 33.336784 44.912341 57.066458 43.558916 41.484685 73.272342 68.587628 83.327128 24.995898 60.952851 58.519479 36.973781 48.605754 31.378214 14.184440 21.380121 10.551365 68.306958 66.072739 95.060637 72.967841 5.204584 88.424517 86.267516 44.332032 58.586305 97.607833 53.230436 90.532183 8.303876 19.105187 44.075494 58.475681
81.622785 98.826212 38.885150 4.741564 80.117150 60.438072 19.854286 49.482846 74.231025 77.041179 49.961841 30.521453 97.374258 66.336261 40.823752 28.046322 73.110298 24.218345 17.170999 52.983389 28.998739 62.890514 11.793867 65.494110 28.329653 0.024293 12.693606 93.361538 86.735464 23.360903 77.837190 60.857159 97.090471 37.360566 68.146061 6.353572 39.624735 96.381766 53.898087 28.787950 12.027096 70.352834 64.485604 37.393871 95.094135 2.220281 30.372385 92.106949 32.093544 25.225283 53.422041 82.380175 10.314676 94.302071 79.507288 18.125026 71.200796 38.495872 40.229468 78.329009 96.278481 12.665587 42.063024 48.094161 37.631182 36.318912 5.226867 68.553862 43.621442 19.479380 81.603350 80.256075 48.639163 29.845066 63.809273 28.815214 23.600793 73.051465 4.032524 9.476847 0.678817 15.294319 6.899001 99.580237 28.880997 14.926801 24.099626 93.612557 52.016022 36.481810 87.339146 39.499027 33.500857 20.728252 37.779682 31.668436 67.730396 28.958270 57.719975 6.589217
19.128916 40.740527 93.694925 37.725199 66.407412 25.508722 12.703358 5.853660 30.541350 15.766103 17.401045 76.075931 1.583807 55.781013 37.946138 50.655000 56.283024 31.336769 29.510886 73.340185 87.127699 19.258163 9.761876 89.779581 34.989546 55.131739 35.954314 12.580234 58.933164 52.514085 20.299356 45.186904 79.694750 59.042610 9.691733 54.802150 70.273830 79.270341 62.911758 15.265816 71.017327 67.734185 2.442688 41.174767 33.295025 66.941206 21.613581 59.087192 91.320596 79.780237 92.145774 97.850597 1.067013 62.274128 41.283940 85.985449 25.181470 98.102949 61.370797 79.353740 8.559955 18.345788 75.840367 2.198652 81.687799 1.394902 65.711884 36.509392 61.149485 69.603141 34.247522 10.796245 6.964587 58.893602 52.065535 74.220101 50.973551 42.244579 39.808718 2.644690 33.555720 97.602016 87.355558 32.937807 58.779541 84.729675 44.127434 1.795786 7.451046 51.039272 96.943938 69.320954 7.091619 18.936088 77.132314 84.143976 61.769459 64.442317 2.833745 82.853026
78.827521 25.903514 70.867672 21.485461 4.033016 20.113654 17.862888 33.774800 41.844950 50.853889 47.675388 27.067461 2.917067 60.510162 39.574483 29.867216 86.694104 74.674331 85.776555 49.498279 13.093125 69.622144 20.607378 44.122967 6.500079 82.530840 12.594064 90.309751 86.423060 46.458276 74.436820 61.944507 80.307564 43.180510 78.580848 46.245682 94.096579 48.637210 46.261927 78.507186 82.157769 55.448911 17.979781 46.775823 96.807250 75.298619 81.116260 3.282550 46.785946 64.662113 83.003268 4.927365 85.243889 54.840094 19.731397 31.725522 28.192955 53.085903 5.168568 15.853616 81.269304 13.260399 23.339627 45.337061 51.712089 76.361048 44.733243 78.986462 61.834631 11.309974 15.633144 43.703373 39.688939 74.354427 58.073714 38.813308 17.076028 22.683710 57.550102 42.343880 51.492751 17.067744 66.290625 85.253874 25.793951 49.151423 97.552733 33.324174 59.504634 9.019570 60.601500 8.963177 95.923544 71.566265 78.815979 70.410436 58.972904 44.991278 85.837338 95.683567
49.903617 93.153505 58.333291 53.838419 45.448273 20.928776 0.371966 24.150623 50.972317 37.995995 44.848523 98.064822 35.027237 45.218294 13.351555 4.795773 77.540951 57.068318 76.070481 14.986280 57.182877 25.364247 22.806182 1.152601 13.034072 30.926811 11.687876 98.585844 30.863265 13.032395 19.908231 58.770323 6.404352 86.243413 96.149968 24.674742 45.009527 2.213445 64.071022 41.392606 27.005847 20.683711 65.402308 41.621703 17.965929 68.910908 56.507228 85.867205 11.747590 78.566660 67.351679 11.501094 69.482073 44.154729 94.498479 14.161135 64.283339 38.198005 95.681467 32.997490 96.218591 90.148585 27.038324 80.354178 99.560420 25.266300 43.677717 52.018074 29.493114 1.526484 22.012924 28.193688 44.359970 17.110248 87.325436 70.491113 8.520048 65.009245 65.365648 95.622117 0.302087 24.793245 92.779148 93.213392 72.058642 76.576332 9.148296 51.387583 23.158299 18.121804 81.030330 13.503814 46.865164 93.857824 18.583206 97.799342 99.428799 55.561715 17.014274 31.610489
42.449283 30.932422 28.063558 97.222971 15.336483 73.332791 0.041029 59.618267 91.594300 28.793409 18.552598 65.167979 71.260141 68.803052 31.931688 25.220240 95.591880 92.329951 45.731661 84.619387 45.232348 42.438902 15.676295 42.640606 53.741694 2.250433 44.411301 78.135622 68.004606 63.515699 90.955543 1.803201 55.704759 78.734885 54.133538 32.389555 13.625057 88.756307 47.076239 87.811520 58.585212 67.419212 80.426115 65.915554 39.805484 51.363338 80.304552 37.365030 38.812146 9.569012 91.458444 9.103631 64.820918 41.319448 40.561939 67.955184 6.709373 59.370578 77.203179 82.821276 17.053039 89.741905 65.614609 88.185480 48.528072 54.203335 91.903828 89.990954 44.816087 27.441263 39.317043 38.776433 28.686687 26.857960 86.106294 6.986192 67.761118 17.282005 34.450589 6.154303 26.997364 76.842107 88.501532 22.152715 46.354784 47.032405 87.357531 76.279905 51.307722 67.074720 84.735505 0.953895 40.289003 90.724317 74.031303 54.284137 52.964453 34.777010 52.052053 65.538320
41.836304 71.415315 86.123223 15.468485 45.154702 40.802009 68.746480 24.986747 64.025091 87.748924 41.813160 91.101570 99.316374 10.609205 23.305319 95.037975 95.832769 9.770728 1.499850 16.110002 99.601278 17.999962 50.254761 84.841773 2.040161 60.448898 27.702545 86.233492 28.346115 68.675572 67.421963 22.149355 3.479920 40.924957 28.919315 80.897775 80.036419 45.702395 60.651223 60.425952 82.715815 42.500241 27.544668 26.503492 53.619228 44.914820 44.012077 9.113734 71.860374 21.373669 19.695363 41.275832 22.777834 58.385827 37.146334 44.891172 53.716932 20.353552 15.575162 88.042190 43.372370 41.209361 3.561215 49.797630 55.416972 55.884087 70.703117 17.748183 25.222313 81.073047 94.717062 13.593275 49.764955 21.417625 6.007317 32.550334 14.368763 70.993307 53.372541 14.383447 0.924159 80.815705 17.619441 60.621664 33.692191 58.548594 31.565363 8.693956 22.295001 18.805857 42.801935 65.828378 26.380607 1.206994 51.893736 60.575949 96.287049 58.947080 47.117256 57.340163
92.790063 82.837815 32.297873 23.725436 26.263361 50.442104 74.404945 50.321921 6.779640 72.358070 80.597013 28.949787 66.412574 42.659190 88.911936 84.522556 52.543200 69.150555 88.334970 49.571701 31.325074 75.366614 22.006625 38.853115 86.572724 72.442234 40.381101 21.474450 35.596839 28.410415 17.608929 74.333291 25.206989 45.416747 38.585945 98.207738 39.109224 7.998248 8.982575 59.075372 59.936355 41.875899 43.184369 5.393258 51.654651 50.473948 14.954932 10.383939 12.357249 10.102825 60.970820 19.648265 25.143015 17.357214 95.783530 85.461746 23.049484 32.756629 20.989284 49.187596 1.961053 67.136801 52.315815 89.863893 16.439268 80.410925 79.196101 12.718119 39.855922 17.015264 25.472050 26.324617 55.623639 41.141093 94.773280 12.637014 97.369213 23.063864 77.287394 33.896993 14.308140 85.788919 30.886090 65.885540 56.644369 47.175631 49.581947 73.223791 8.777291 66.818066 89.581210 5.778820 14.065334 71.663194 43.728165 40.354862 13.696663 50.677004 12.654531 47.662046
76.361530 25.826436 48.078617 99.201597 68.665042 84.135677 41.484761 76.786092 4.050917 12.291118 20.307059 40.195192 84.574488 34.626605 65.462119 70.931429 58.618235 35.724197 57.705334 34.226559 8.387374 99.280398 12.718245 7.234838 87.853075 30.183466 65.029697 32.900573 39.145427 26.211297 34.304401 41.070040 72.041607 51.153619 94.356522 4.188039 50.306832 58.422479 92.019699 4.915852 57.349958 85.362993 24.192773 87.629235 1.904341 73.245463 93.311322 65.719766 43.902924 4.488102 92.011381 47.029622 2.899674 68.982107 48.183725 12.434532 21.427181 6.449068 57.429354 62.202948 50.574230 81.710213 86.100882 61.562440 1.275648 69.522966 41.799922 56.555748 64.908060 35.023661 91.709851 13.397487 67.151181 0.435958 92.465111 11.250413 9.488423 33.300763 37.356629 21.430007 58.512166 44.291410 3.417559 31.965206 81.043291 68.970153 72.487085 69.811692 31.097302 9.966392 27.246718 83.178530 98.047080 49.384701 0.970035 14.004481 32.208058 57.858535 7.509365 94.335730
36.508367 91.258422 78.052180 75.543727 60.671958 62.678382 63.800324 62.872139 55.372823 98.641402 73.229057 77.694639 87.246282 21.563976 8.380416 48.289444 51.408070 82.918178 44.378358 57.085303 52.707094 3.820278 61.521490 82.804329 15.750055 59.433173 59.361054 16.418496 12.346357 98.005194 39.371917 22.742173 17.132454 66.760171 60.944530 64.355212 8.800603 89.353458 38.926640 31.336941 46.236145 39.006607 86.357700 92.926098 30.345322 86.393581 78.152313 93.080767 24.575031 57.695915 27.454458 82.409449 0.532419 56.481916 33.920343 32.268371 64.490632 85.148445 60.919539 85.317298 26.459711 51.950185 45.053654 1.164490 55.681214 66.152432 59.191440 73.627990 57.133953 6.675025 11.644552 59.647458 27.497919 7.964513 42.960274 55.432260 32.874599 72.043370 64.377061 33.281836 75.487253 64.869504 63.744538 55.342770 1.138967 69.650718 37.604179 94.260971 81.798477 58.769447 25.218198 20.371739 34.038484 47.656794 29.606551 51.492950 16.537043 97.771281 10.792455 93.194414
91.357801 52.536048 72.491027 43.604830 63.003458 34.057594 30.115902 57.822979 49.812967 57.953637 28.666058 36.695783 8.389796 5.227637 25.345713 7.424686 10.377471 81.292841 3.887370 65.894279 27.255775 87.154568 48.499228 30.557646 51.763894 38.195802 56.430106 11.453287 99.699050 42.555588 34.823064 71.020985 36.389941 83.327431 45.427072 71.955841 10.745322 84.611919 73.571799 21.171678 14.528601 31.629235 97.607059 25.683157 45.612721 3.002023 39.722753 57.132002 95.312461 51.673604 81.910733 54.712764 4.078501 31.500828 57.554951 95.059397 85.913036 22.835561 22.010983 20.117297 92.249890 85.266615 77.488343 39.273511 50.438070 46.433174 25.339811 50.502805 3.049655 13.181037 88.658960 75.167977 42.286841 51.715036 36.999889 74.077987 78.418718 76.328519 72.261172 20.450434 33.796998 46.984543 33.079299 75.494020 32.935352 13.823209 39.904045 97.991443 22.588141 61.215866 43.297305 7.102457 48.787661 70.216433 51.321998 87.210606 28.893702 8.624917 93.656561 37.819635
57.640555 79.200313 32.431366 71.616454 13.541885 29.129375 14.471064 81.123056 22.264924 71.740356 94.329840 52.777221 54.002919 46.103357 32.589014 47.565503 60.280753 98.599157 93.776456 86.215296 88.913054 46.784918 65.744433 89.506672 39.295076 96.176248 41.578606 60.108267 70.980471 95.059201 24.461627 74.613098 52.081559 26.855714 77.660684 55.222228 66.097382 32.290107 48.127395 61.735425 40.491081 19.837254 96.164049 51.146754 73.392037 41.104719 35.513176 40.716430 40.919664 54.418012 54.346987 49.715382 13.478578 49.607548 16.910390 12.613579 93.264572 60.495001 65.949006 40.179367 90.898089 63.793049 76.916987 36.856247 96.001188 82.046129 85.394846 17.219427 27.096321 28.562660 27.090922 85.540816 3.188480 7.609999 27.391487 19.987297 23.185961 79.794319 56.312659 0.577066 42.932277 40.788493 11.394527 67.614179 70.209719 72.089322 72.847095 0.005283 95.392080 81.420877 90.398170 1.564330 93.385880 80.978853 83.721914 9.328738 73.877803 95.991669 67.854734 57.056140
94.562968 44.293712 59.929357 47.633829 93.284622 7.608473 50.111970 68.695244 79.190654 58.301865 90.891774 94.199145 6.431922 40.237054 2.345902 32.941666 53.686822 91.079493 84.655432 12.749973 9.303037 58.926734 53.211797 26.637764 89.945308 92.736641 40.261144 89.030256 38.394889 73.681683 47.594222 12.258316 92.793420 45.409659 73.448704 36.717381 1.888088 10.053036 49.621948 68.996436 33.473533 69.548846 69.863559 70.393591 49.252185 91.488615 48.919652 45.026519 19.938082 30.765509 4.233449 63.353529 24.853574 30.415525 77.081452 32.722118 24.219589 16.905775 77.485840 12.970626 45.375376 50.693012 68.738991 63.328348 81.072067 4.475143 29.644072 28.013412 14.601691 28.917825 30.976531 52.188446 66.370448 38.110051 71.947023 33.616534 29.028368 54.118806 2.371636 7.978912 41.796954 94.291271 72.151178 8.812657 84.631801 73.230077 61.094653 82.029296 40.410985 22.150105 51.202339 54.884176 53.832637 56.507379 94.870492 90.224562 87.571704 80.141681 94.342811 9.849464
26.512326 49.505595 84.653449 50.516571 74.803474 13.895991 25.241381 73.177610 16.473401 35.135593 26.486626 34.986169 70.832405 36.784718 55.526332 9.993188 80.501769 36.988863 64.853416 72.538960 20.966092 88.467498 61.622425 42.872514 18.233518 94.230094 75.506820 20.802456 33.771077 80.967426 69.567766 76.578429 44.120110 71.647626 38.649372 21.126292 63.267703 97.601393 31.060097 46.096959 67.400137 54.150628 84.342780 76.174271 5.829720 99.842123 75.240245 86.390332 65.119771 85.628513 11.238297 34.773784 87.642094 20.165521 7.824210 78.811894 83.548616 16.265222 85.434598 68.676780 52.008268 83.025019 41.924925 19.399396 28.485268 50.516402 53.133079 80.558083 79.135272 58.136656 78.078548 19.177346 5.006453 87.363382 7.555449 24.668843 69.531895 40.944794 87.631397 29.797979 1.187135 30.065564 57.807505 37.593838 53.487276 87.659812 91.248505 26.597406 46.214047 54.914402 94.911246 99.861732 23.540725 72.697987 37.803106 0.810820 0.925252 46.056601 48.833491 2.256970
68.692742 29.400339 55.989310 30.091907 16.713431 40.717374 23.227336 53.480098 19.882853 50.840598 15.737851 67.097471 75.393768 11.039423 46.780241 7.087170 59.818245 26.440430 52.762446 51.746101 92.435435 54.908322 58.299848 40.165313 94.907960 77.718591 28.540529 84.420959 43.239636 82.866714 82.288807 18.887019 70.114113 29.064297 29.749267 29.634808 72.556825 22.982604 0.090584 71.523685 17.118474 10.448240 23.751612 37.990052 47.590633 4.457004 97.057333 71.606305 32.319407 31.869726 44.854255 62.624482 14.637307 18.892981 85.943458 25.625492 38.019500 87.127185 66.314783 34.171188 68.369955 1.968322 73.564266 48.701604 81.318215 95.463765 92.578855 90.926504 51.216996 36.014211 46.503532 68.989600 88.399778 20.698630 91.819316 81.518023 97.885602 88.025177 27.993733 10.595591 11.224107 29.122332 61.418372 80.432033 89.925031 62.375338 0.563131 18.631678 9.972620 36.332448 50.135099 4.339718 34.847798 17.917967 64.707017 46.427237 49.531765 42.769179 95.601971 21.473513
51.666426 73.601737 55.684441 92.902089 37.796836 46.367581 8.852232 60.899911 28.821197 16.030904 54.453129 53.231026 7.587164 69.821545 62.377219 18.901728 46.943486 72.032292 52.943574 39.548908 32.233846 61.039387 93.910870 67.174484 7.474590 46.068497 89.082413 9.446243 98.887571 94.906939 7.827448 93.341332 36.313259 84.470917 41.838334 44.085511 63.424309 77.447742 3.378915 59.315600 18.673299 34.594952 34.796867 46.906034 33.413641 10.736112 14.562874 3.343799 47.024909 95.444769 11.567522 94.626449 73.336151 63.749880 64.527776 82.672765 10.691986 50.475432 69.709114 58.682045 83.277907 7.227171 69.070104 53.402773 37.916086 34.027498 62.083263 89.099537 49.617593 82.472316 40.215638 10.239446 6.150574 5.133437 38.015014 33.723775 71.793702 74.282150 5.085397 22.112326 27.426185 54.761198 14.451522 13.394122 94.378889 80.420291 18.065490 40.656781 35.562200 79.100407 51.021292 12.784974 73.899206 39.688798 26.292425 37.549862 49.775656 34.311552 24.190577 39.850203
1.917291 77.249785 17.094489 4.390461 65.369869 77.393613 81.382913 49.350918 20.536818 73.722768 69.971308 24.627073 90.340776 10.437146 98.268824 86.024781 68.789865 93.874989 72.231117 19.045700 44.215614 7.150302 38.965742 74.160302 38.644335 33.029418 59.535572 87.220453 4.758319 38.547043 15.824074 69.535425 10.572456 66.480776 28.618087 19.891681 93.635256 1.852458 43.777727 2.162699 48.359305 50.104738 32.166247 13.216178 37.638754 67.226294 78.239581 53.075060 58.983439 20.061637 28.733033 16.189561 24.929535 22.488678 51.944879 56.268876 94.494742 19.557065 64.167571 81.725927 56.024146 25.500365 26.255023 3.925305 30.544423 74.460368 4.751776 21.929528 70.623250 78.265156 45.531841 69.807434 38.795217 15.991325 39.814949 57.996782 94.805328 6.875095 50.739409 32.891978 50.831169 2.397545 31.302535 81.986815 55.394173 45.058249 28.552507 29.804252 38.310143 83.557071 96.721321 43.865538 39.335284 84.655078 42.690532 55.201817 23.094166 74.350254 53.198832 80.903455
78.073273 21.500477 71.563555 80.005441 34.610724 17.260911 0.263216 45.090365 35.243273 55.490983 18.804109 85.966555 25.775522 22.642961 48.071406 49.885102 21.508523 27.186073 16.970524 71.846018 77.008903 46.232850 71.408702 73.593539 13.827553 96.617802 82.103195 20.448346 18.616504 12.566115 13.837856 74.816180 46.965426 78.293417 74.625489 60.461271 68.636661 1.835572 31.177765 63.782218 0.934495 3.297694 85.188798 68.402486 26.536973 68.796284 79.245667 30.679428 3.603738 93.277912 34.517984 10.648176 49.185687 76.846780 22.164731 26.949005 24.271499 99.167305 19.740373 57.552022 92.526464 14.689657 97.085420 94.747723 88.457199 21.455652 63.405506 76.089147 98.602793 18.042382 76.602590 33.880117 17.562647 42.137694 79.383591 46.484980 53.752310 99.515941 39.910930 61.540075 36.524420 39.278565 69.564075 93.788698 54.235895 76.839993 8.920656 21.115804 50.213164 2.001172 25.285498 51.740129 1.496120 26.454629 51.403082 57.314925 92.575169 64.534562 41.473580 93.035118
78.488298 20.000892 13.084236 67.581164 55.988317 78.967361 73.880505 62.521153 98.638217 53.358973 11.310576 82.827356 25.185336 77.730215 95.710710 69.679551 59.603016 46.038618 36.440987 35.300475 63.637271 75.127312 67.851707 19.841010 49.398718 79.164007 47.570408 53.662328 77.113605 66.126531 40.934492 89.541271 16.256707 99.551645 11.885258 1.494997 89.001890 24.495351 72.969963 81.101537 85.898639 99.159424 29.403971 71.024334 11.539986 40.680929 84.797169 36.765805 59.109538 50.377344 64.595153 97.289439 5.573553 57.396152 86.302878 48.138271 7.852719 56.053935 33.207389 15.494179 84.903451 52.159951 93.327641 80.601650 69.297179 0.502550 42.782346 19.748628 91.079791 17.458398 28.606005 51.683677 26.336362 20.986468 59.909933 8.892952 5.816776 37.224530 72.066445 55.480676 42.287647 56.575156 36.545148 93.614634 5.490489 67.339148 89.128266 80.388471 18.404103 29.592635 71.704794 8.427056 81.186170 71.890694 72.960665 10.024137 71.776054 67.981813 83.092249 4.159596
2.311067 37.300710 14.878828 55.838448 91.734890 39.147973 84.495038 0.024087 16.851464 3.042354 32.814718 90.818960 9.695212 60.640978 45.149594 93.846821 12.251914 21.202785 2.954197 43.393525 27.783290 86.990593 60.494081 61.409074 53.191070 9.185034 44.501868 99.950519 83.522929 89.345905 82.322636 10.304169 22.744825 0.312165 30.351012 10.860740 47.279335 67.712749 87.450530 74.921717 93.858560 5.389829 1.217984 66.133811 28.935241 25.350102 33.088709 26.979606 51.143641 44.014845 51.242855 67.271361 38.713051 25.130769 16.620054 34.947412 74.180648 75.670491 66.690539 23.402818 58.808625 57.068966 48.426620 54.997899 49.179063 56.545637 71.550595 10.962819 74.962575 13.588615 6.662800 97.607969 95.699177 6.043654 44.325344 18.624494 48.534490 83.017724 95.061177 63.425265 35.390567 60.332557 31.200131 90.982364 87.040046 55.823175 32.479892 29.338968 3.341799 81.582085 45.038321 32.513293 47.111035 81.873799 12.461421 85.765599 89.750884 94.670792 39.748799 21.714040
