11754.518584
12445.793079
12940.033269
12278.723520
12901.145577
13132.493617
10789.661163
13148.896294
11393.113518
11779.759710
13333.236536
13849.345455
11557.779367
13039.304057
12915.099817
12156.170617
12820.255525
11655.850699
13279.860224
12147.423997
12373.557858
13291.370418
12005.238212
12204.848167
12605.436649
12811.602039
11768.657821
12359.211177
12736.633719
13444.875466
12015.515548
12340.039205
11636.684342
12739.895652
13497.879152
12072.274240
11385.633380
12593.797839
12824.471641
11487.570946
12480.135867
12170.625937
11912.371652
12039.620130
12315.847754
12480.943889
13674.762110
11466.083219
11573.521912
13412.418171
11714.998414
12802.893472
12252.055259
12996.057990
12291.763171
12439.647375
12047.998705
13130.100883
12492.081548
12448.525480
12340.241562
11302.160547
12921.075802
12545.422542
12700.510339
12168.846346
12268.692741
12665.092902
12306.272987
12108.894048
12080.498177
13226.796057
11817.934256
12101.314603
11352.230159
12430.398510
12713.417648
11762.135656
11132.224812
11975.704529
12755.205303
11776.329876
11920.445160
12526.631148
11810.593505
13136.572005
11326.485948
11487.369749
11926.145104
12958.395215
12061.245432
13618.176615
12680.617064
12854.037292
12075.134738
11760.488368
11717.271949
12273.223714
13227.892764
11930.658006
