================================================================================
ТРАЄКТОРІЯ СПУСКУ МЕТОДУ ХУКА-ДЖИВСА
================================================================================
№ кроку    x₁              x₂              Φ(X)                
--------------------------------------------------------------------------------
0          2.00000000      1.00000000      2.00e+00            
1          1.90000000      1.10000000      1.86e+00            
2          1.60000000      1.20000000      8.46e-01            
3          1.50000000      1.10000000      7.14e-01            
4          1.60000000      1.00000000      5.54e-01            
5          1.80000000      0.70000000      1.40e-01            
6          1.90000000      0.60000000      2.05e-02            
7          1.90000000      0.60000000      2.05e-02            
8          1.90000000      0.55000000      9.68e-03            
9          1.90000000      0.55000000      9.68e-03            
10         1.92500000      0.52500000      4.64e-04            
11         1.92500000      0.52500000      4.64e-04            
12         1.92500000      0.52500000      4.64e-04            
13         1.93125000      0.51875000      4.74e-06            
14         1.93125000      0.51875000      4.74e-06            
15         1.93125000      0.51875000      4.74e-06            
16         1.93125000      0.51875000      4.74e-06            
17         1.93125000      0.51875000      4.74e-06            
18         1.93125000      0.51796875      4.03e-06            
19         1.93203125      0.51718750      6.56e-07            
20         1.93203125      0.51718750      6.56e-07            
21         1.93203125      0.51757813      4.00e-07            
22         1.93203125      0.51757813      4.00e-07            
23         1.93183594      0.51777344      7.05e-08            
24         1.93183594      0.51757813      3.04e-08            
25         1.93183594      0.51757813      3.04e-08            
26         1.93188477      0.51757813      1.41e-08            
27         1.93186035      0.51762695      7.77e-10            
28         1.93186035      0.51762695      7.77e-10            
--------------------------------------------------------------------------------

Розв'язок системи: x₁ = 1.93186035, x₂ = 0.51762695
Значення цільової функції: 7.77e-10
Кількість кроків на траєкторії: 13
Кількість ітерацій: 20
