487.5000000000
520.0000000000
430.0000000000
437.5000000000
492.5000000000
545.0000000000
355.0000000000
500.0000000000
425.0000000000
505.0000000000
500.0000000000
535.0000000000
482.5000000000
485.0000000000
505.0000000000
537.5000000000
430.0000000000
470.0000000000
527.5000000000
387.5000000000
462.5000000000
480.0000000000
532.5000000000
450.0000000000
442.5000000000
510.0000000000
492.5000000000
422.5000000000
490.0000000000
480.0000000000
560.0000000000
437.5000000000
535.0000000000
445.0000000000
395.0000000000
430.0000000000
462.5000000000
422.5000000000
505.0000000000
447.5000000000
535.0000000000
490.0000000000
432.5000000000
432.5000000000
522.5000000000
427.5000000000
427.5000000000
515.0000000000
467.5000000000
407.5000000000
535.0000000000
527.5000000000
427.5000000000
312.5000000000
455.0000000000
532.5000000000
545.0000000000
490.0000000000
497.5000000000
452.5000000000
490.0000000000
430.0000000000
445.0000000000
515.0000000000
465.0000000000
545.0000000000
517.5000000000
552.5000000000
595.0000000000
490.0000000000
560.0000000000
462.5000000000
440.0000000000
532.5000000000
485.0000000000
487.5000000000
617.5000000000
420.0000000000
570.0000000000
410.0000000000
570.0000000000
540.0000000000
427.5000000000
577.5000000000
515.0000000000
480.0000000000
545.0000000000
495.0000000000
520.0000000000
477.5000000000
507.5000000000
527.5000000000
495.0000000000
525.0000000000
375.0000000000
537.5000000000
440.0000000000
435.0000000000
555.0000000000
457.5000000000
